Q65LG7	82,114,73,135,83,110,109,84,138,120,108,20,71,117,75,76,88,118,74,77,87,113,21,116,19,31,85,111
P60022	58,33
Q8RLX2	65,47,117,118,77,44,66,52,78,48,79,116
O27099	5,73,106,148,110,104,54,26,24,59,2,25,56,30
O30511	250,222,186,221,187,246,240,124,225,223,249,248,94,211,189,188,195,212
Q7A260	24,135
P16528	220,154,160,222,239,161,159,212,241
Q8A9J5	6,8,94
Q57851	28,111,114,34,9,13,112,62,25
Q9HLN2	65,43,88,64,118,61,119,111,86,115,87,121,56,33,30
Q6R661	147,85,83
Q5LL55	43,53,22,32,57,29,54,26,39,60,31,34,40,42,46,25,56
O30176	47,50,66,69
Q9JYL1	140,136,22,96,144,66,70
O58562	28,38,34,82
Q87TZ9	105,103,101
P13298	134,140,164,76,136,75,38,77,106,132,135,110,107,29,139,138,39,137,111,133,112,30
Q9WZ50	65,37,61,38,119,73,127,36,24,120,66,108,71,1,117,75,118,74,123,72,67,64,26,39,95,94,2,4,46
P60616	27,28,29,30
P77214	71,66,58,69
Q28TU0	13,10,37,146,143
O32221	65,13,16,12,15
P09681	57,52,58,61,62
Q206Z5	71,84,64,43,138,60,73,86,81,45
Q99616	47,68,71,67,69
Q2CBJ1	117,119,185
O95639	68,76,82,114,86,96,105,110
Q8W453	65,68,71,76,37,88,38,77,87,69,72,84,36,41,85,102,34,40,100,80,27,62
Q8AAW0	5,8,7,4
P04570	72,117,76,74,19,119,126,115,21,81,121,25,23,70,30
Q16873	93,97,59,55,58,112,51,108,116,104
P42624	157,210,37,199,38,211,158
P85511	112,108
Q07524	290,71,118,50,209,51,110,109,103,120,105,207,122,288,70
Q933Z0	14,6,50,82,28,86,130,83,127,110,109,7,93,24,126,11,66,105,108,27,90,75,74,155,106,87,51,78,107,91,72,10,64,26,8,12,85,111,153,9,100,89,52,129
P49949	75,50,76,38,55,86,57,87,98,51,16,83,45,47,84,93,59,95,60,85,19,94,34,49,100,89,46,48,56,62
Q5SLP8	72,90,54,50,73,2,4,92,87,91,69
Q5SHN7	5,68,43,37,50,38,53,55,73,44,35,13,57,51,45,36,54,97,41,39,60,99,9,40,52,56,42,48,17,62,70
Q5SHN3	14,5,6,43,50,28,114,86,13,16,17,83,110,7,47,84,120,115,66,18,27,48,20,70,101,68,88,3,44,92,87,98,51,21,113,91,121,69,29,116,10,54,26,31,12,111,94,2,9,49,58,89,112,46,25,30
P80377	14,28,114,110,109,23,104,124,97,24,120,99,25,96,115,126,105,108,27,70,101,117,88,125,77,123,44,106,92,87,98,78,91,107,29,116,26,103,111,102,100,80,17
Q5SJ76	65,5,50,38,61,28,22,35,23,24,18,48,20,68,55,57,51,21,69,72,8,54,64,31,12,9,2,49,52,58,42,46
Q5SJH3	14,5,65,6,43,50,38,61,28,82,35,13,16,17,83,33,23,45,24,59,11,18,27,62,68,1,75,3,44,63,81,69,72,10,67,8,26,41,31,12,2,9,42,80,25,30
P80382	72,68,71,67,64,53,50,61,74,75,49,63,81
Q5SHP2	14,5,6,37,53,3,77,55,73,78,81,79,72,36,10,54,2,4,34,52,80,70
P62661	14,65,38,61,28,82,22,35,16,17,83,23,36,60,15,105,18,27,70,101,68,75,74,106,57,87,78,81,79,29,10,64,26,103,39,19,31,85,34,102,89,25
Q8NRS3	92,57,96,53
Q99WU4	70,73,23
P12302	246,225
O25841	50,82,32,104,84,11,66,105,18,62,56,20,70,44,106,78,107,69,10,54,26,103,12,94,102,58
P03052	50,53,37,38,22,57,23,47,36,19,49,52,18,46,48,20
P02886	220,236,164,166,242,203,219,215,206,246,204,241,213,235
P0AC69	71,84,59,85,32,22,83,70,30
Q8KRV3	65,67,64,28,32,66,63
O28314	105,108,103,61,63,55,106,104
Q7SIA5	71,136,298,73,206,144,265,207,261,145
B4EH86	84,75,85,86,49,112
A7XUK7	37,24,46,25,22
P22483	26,19,15,23,30
Q6ZYH1	54,85,57,79
Q6ZYF6	81,110,90,78,108,107,25,35
Q9SE33	181,164,178,197,218,196,159,213
D7GNB4	64,97,59,74,60,76,85,55,100
P35530	43,37,120,19,123,17,20
O25671	134,117,90,97,99,102,96,98,105,42,142,110,145
Q8VL32	54,59,12,55,9
P73213	61,12,15
O25423	47,36,89,88,43,110,104
Q64368	43,82,38,123,55,114,73,113,110,109,79,116,104,72,84,111,115,112,80,70
O60895	105,101
B5Z8Y5	84,88,107,99,101
P81860	68,71,50,59,22,57,66,18,48
Q8VK10	65,68,6,43,38,44,35,29,33,7,10,67,8,39,60,12,34,4,9,66,58,46,48,62,30
P0A1R0	57,55,42
O58552	74,77,114,89,87,113,81
Q9WYJ5	53,37,60,56,34
Q5SHN1	50,136,31,32,86,49,100,52,87,51,89,129,48,101
P03496	5,38,31,2,34,35,49,42,46,45,30
B9A0T7	14,43,38,16,45,36,96,18,71,76,74,98,78,69,116,41,34,42,80
P52102	14,5,50,3,38,55,13,21,33,23,10,54,59,24,31,12,19,15,39,41,9,40,11,58,49,48,56,20
P86179	43,74,82,179,186,86,183,83,107,79,7,139,84,182,185,143,85,174,184
Q8NI22	140,85,133,92,131,87,129,135,83,81
P0A6T9	44,45
Q96CS7	14,15,44,11,13,16,18,20
Q4QRE8	138,119,95,143,92,130,108,127
Q7M4F9	136,82,137,115,129,135,113,79,116
P64488	83,32,30
Q9KTK0	281,90,88,227,193,86,191,57,260,87,188,190,195,93,256,228,59,89,255,252,261,257,56,277,226
P0A0N3	157,154,90,61,123,57,124,93,103,120,99,153,161,96,58
Q04D30	36,10,51,9,48,34
P43220	120,36,32,82,80,122,99,111,101
Q96HA8	43,200,199,189,132,51,42
P94690	65,43,50,82,119,28,32,86,83,110,109,45,104,33,124,36,120,60,99,115,96,40,105,48,101,117,53,118,123,55,44,106,57,87,51,63,78,113,81,107,79,116,67,64,54,41,39,95,31,103,94,102,52,46
Q5L811	43,50,45
Q8A8A4	14,47,164,74,19,15,161,111,46,45,23
Q82EE4	24,61,77,150,25,89,62,109
Q8NQA4	90,108
B3FQS5	141,73,86,127,104,84,124,120,99,126,117,76,88,125,77,131,121,91,107,72,128,103,95,85,111,94,133,129
Q53W28	91,88
Q9KAX6	123,70
Q74AE4	71,76,50,38,82,77,44,35,78,79,47,72,39,60,95,34,52,46,80,62
Q8A994	54,63,82,73
Q9X1Q6	141,140,172,171,142,113,145,160,143,111,161,144,168,112,175,170
Q70LE8	40,68,15,99
O29432	117,88,118,38,119,116,84,10,103,39,102,9,11,40
P72761	11,41,39
Q58AD3	49,58,74,46,39
Q3ZTX8	138,59,31,32,34,35,63,101,33
A6TE93	108,214
Q966X9	72,74,23
Q7DB61	71,75,88,38,35,63,54,64,24,31,12,102,40,52
Q9RSM4	71,82,55,105,42
Q9KKU4	65,124,64,50,37,61,41,125,96,51
Q9EV85	8,12,9,40,58,51
Q9EV84	2,38
Q6IMW5	50,37,28,32,73,22,35,110,23,84,93,124,97,24,15,126,105,18,62,56,101,117,75,76,74,90,125,55,98,78,21,91,81,79,116,72,64,54,103,31,95,19,102,100,52,58,112,80,25
Q13PU4	31,32
Q8N6N7	75,33,15,34,11,56,29,30
Q9NPJ3	90,136,50,82,55,73,92,51,83,113,91,81,110,69,139,93,137,95,15,111,115,66,112,52,108,80,70
A2RI36	93,8,15,92,96,89,100
Q1GLD7	16,18
Q5E0B9	106,108,103
Q9S508	157,144,160,109,70
Q5LR19	65,76,37,41,38,97,86,63,18,80
P19399	37,38
L7IX95	71,64,75,88,97,59,73,94,86,92,66,87,89,78,69
Q8DQG2	26,59,39,60,12,28,40,49,58,63,30
P72321	26,18,24,21,17,22,20