C4M5T2	55,32,53
Q89VT6	42,41
A9CHM9	36,35
D5SZ58	65,67,60,58,101
H9L4N9	64,51,42,60,62,55
D1BQI7	14,154,77,179,35,13,57,78,151,104,84,128,103,12,153,11,40,58,152,105,80
P26839	134,75,169,74,61,73,44,86,57,87,98,113,127,107,165,163,116,23,128,84,97,59,162,85,126,129,152,42,108,146,170,147
P12238	10,8,26,19,22,30,13,18,27,23
P12239	24,19,28,31,15,27,20,23
Q8DKM3	19,23
P12241	10,8,31,35
A0NLY7	65,37,77,209,73,35,196,63,83,79,84,228,41,231,230,153,212
P04355	26,24,19,15,7,13,29
A8MT69	80,76
A0AEF6	166,220,200,219,218,201,165
Q9ES57	58,151,113,165,153,167
Q9N384	67,64,60,85,73,83,80,62
D5IEZ9	14,28,32,73,13,171,16,204,23,138,185,15,108,18,27,184,170,1,3,186,183,29,41,39,19,12,111,203,167,34,49,17,158
O18426	154,90,112,113,114
Q57587	73,81,69
E6Z0R4	24,23
Q973T5	76,97,3,32,4,57,105,78,109,104
O88273	124,105,118,160,120,125,122
F2Z288	72,1,37,123,114,73
D8NA05	76,37,74,38,82,61,77,32,86,87,63,78,29,54,41,31,85,15,40,18,62,17
P47016	173,169,199,250,194,131,196,170,127,110,45,93,143,195
H2AM13	14,82,179,86,13,16,45,47,15,126,18,48,184,20,76,172,125,77,123,178,92,183,51,166,128,41,182,19,12,95,176,129
P15328	220,164,60,222,111,214,168,112,110,163
Q45075	40,24,39,21,17,56
E8WYN5	53,59,55,94,96
P03047	118,144,121,147
P50049	12,9
P0C794	65,117,118,119,131,130,128,64,120,66,129
D4GUF6	72,64,24,25,70
Q8GAV3	113,55,73,34,35,112,78,83,80,110,56,79,33
F6KMV5	26,38,35,42,27,25,33,23
D0E8I5	104,59,24,161,133,34,126,58,129,105,108,80,27,62,158
P60848	43,15,22,44,87,16,42,18,17,45
P19508	87,82,89,39
O27725	14,68,71,64,17
Q2ITY5	14,61,16,36,59,19,15,9,18,17,20
P80547	90,43,118,119,123,91,116,93,97,115,112,122,17,101
O25560	61,106,86,186,214,57,183,78,135,142,139,59,60,185,215,58,89,56
B9DL91	68,67,97,61,95,96,66,45
Q82Z21	118,97,102
Q32WH4	43,37,38,32,44,16,29,33,36,10,34,40,42,17,30
C6AAT5	115,113
Q8R9C0	65,1,67,2,113
Q6KC22	50,82,61,123,51,142,121,81,79,45,26,59,24,60,19,52,58,80,62
E0TY72	53,118,28,32,114,113,79,33,104,29,54,103,31,34,52,105,80,27,101,30
Q8GTM0	65,61,60,58,63,62,29
Q9BQ15	88,53,74,38,75,55,32,86,13,87,78,33,36,85,15,56
I6Y8F7	107,104,103,77,32,114,106,100,113,110,109,79,30
A7V213	120,178,234,48,240,241
G7J032	68,140,141,103,22,34,144,58,56,30
Q74MF3	10,97,41,35,100
Q8YVQ2	8,3,12,15,4,16,7,23
P0A3Y1	5,1,8,31,28,9,4,11,2,13,18,29
P58246	11,14,2
B7TYB2	47,39,31,85,96,83,122,45
Q59646	65,61,73,110,109,104,84,138,59,99,115,71,75,76,74,125,98,78,142,113,81,139,72,64,85,111,112
M1MR49	141,50,53,38,55,87,110,69,116,139,47,45,36,67,128,41,160,112,156,46,159,30
P62010	54,51
B9HM14	106,130,148,145,104,160,133,105,159,146,147
P12464	65,68,38,82,34,35,63,48,62
O29089	36,67,64,33
P65121	25,29
Q14493	140,181,137,182,185,192,178,179,198,191,144,180,188,195
Q71TT1	129,113
Q16637	130,132,127,109,102
P0A8J2	124,128,142,143,150,151,127,146,147
P0CB20	110,52,56,111
G2EA45	134,140,138,136,24,135,30
D0VWR8	136,38,258,119,82,171,204,135,165,33,192,143,108,146,175,181,164,172,276,106,265,234,107,81,79,271,182,203,243,94,168,195,30,199,269,35,202,187,196,83,110,267,104,138,120,273,115,27,188,147,140,117,169,194,198,191,186,272,132,113,142,163,116,139,145,190,29,26,103,31,176,111,34,247,102,112,80,25
P19052	14,6,43,37,38,32,44,13,7,29,45,33,10,36,54,26,41,34,4,40,42,48,30
P12240	13,16,23,8,19,12,15,9,11,20
P19054	24,31,28,21,27,17,23,20,30
P12312	5,8,21,25,9
D0VWR4	14,10,1,19,12,13,16,17
D0VWR5	24,19,28,20,23
A5WF35	10,90,73,89
A7J283	46,32,45,4
A2RI47	125,151,84,36,85,133,34,150,129,146,122
G0RH85	14,181,120,185,174,87,46,18,121
O86327	36,37,38,39,32,35
Q8EF49	5,134,141,136,114,73,130,110,84,138,161,115,146,1,164,118,74,172,77,106,98,132,113,142,81,145,116,139,103,149,85,94,2,4,102
X2G809	157,154,43,136,123,155,57,132,78,135,81,79,145,139,97,41,149,137,99,58,156,168,42,56,158
F0NW64	71,67,75,44,45
Q9P126	117,118,119,106,115,105,129,116
Q96FJ2	1,30
P10599	11,68,78,80,69
Q9NYG5	76,26,59,53,37,44,34,73,58,51,56,23
P29772	118,182,119,185,106,35,177,142,109,70,45,33
P06107	141,140,90,50,118,136,119,28,92,132,78,29,137,46,48,30
Q9ZND7	5,8,28,25
Q7AKQ8	84,124,128,118,125,123,113,114,126,115,121,110,122,116
A7UNK4	72,71,6,73,13,70,69
P39146	88,27,25,30
A4CYJ6	96,124,130,64,125,102,104
Q3E840	47,27,25,50
Q81BL7	141,5,6,43,136,50,134,119,86,109,7,45,47,23,93,138,24,137,60,143,15,115,40,11,105,108,48,56,101,147,68,140,90,53,118,3,74,125,55,106,87,51,63,78,142,91,67,8,54,64,19,12,85,111,102,9,49,144,52,112,42,46,122
G2RUZ1	47,43,31,15,49,16,48,17
Q7X0D9	68,43,50,118,28,32,22,29,47,26,19,18,46,25
P39301	362,136,194,55,358,86,87,135,139,316,59,410,315,314,195
B9W5G6	134,82,114,130,16,83,109,84,138,24,137,105,108,20,154,140,53,123,155,87,78,142,113,107,121,116,139,54,85,111,133,144,112,156,122
A6ZWK1	92,88,76,73
P9WLS2	25,44,46
P37613	65,73,114,110,23,66,108,101,68,75,76,74,77,78,107,79,72,67,26,103,111,102,25
Q5EK29	157,154,155,234,151,235,236,230,153,152,156,158
Q747J2	65,90,50,37,38,61,53,86,87,78,83,91,109,69,104,67,41,66,105,108,42
P35754	84,87,25,83
Q13162	124,164,125,123
N0DKS8	117,222,269,178,155,219,86,206,237,87,171,196,135,83,113,110,163,139,166,236,149,120,162,174,243,247,215,197,218,255,203,94,159,261,18,122,25,170,254
D5CN26	65,43,61,55,86,98,78,79,47,54,64,95,85,96,58,42,46,56
Q8RCC3	67,99,102,66,152,98,156,159,158
Q8EII5	72,78,70
O28417	37,61,38,34,40,148
B5THI3	71,136,24,137,60,116,85,58,69,101
Q3IDI7	65,68,134,141,106,92,109,72,54,138,59,137,95,99,96,105,101
P01138	141,140,173,222,131,132,142,180,190,235,139,128,138,137,224,153,133,197,152,207,175
Q9UHP7	109,104
Q39TV9	22,114,73,130,23,124,93,24,99,115,96,48,62,20,76,123,92,98,51,132,21,113,69,116,72,128,67,64,26,133,34,94,49,89,122,25,30
P04862	140,139
P60033	140,142,143,133
O43583	36,53,37,44,34
P0CI74	47,49,52,54,50,45
Q9UGC6	143,109,148,106