8WWA0	297,97,263,262,282,133,274,86,92,87,98,89,260,288
Q05776	65,127,110,104,97,96,66,152,108,62,157,125,123,155,106,78,148,107,26,103,31,95,153,34,9,100,144,58,112,156,25
O32108	154,117,118,155,113,127,151,109,93,162,99,111,153,102,100,112,152
P00172	68,75,37,50,76,28,44,51,63,79,69,45,72,54,59,48,40,66,42,46,62,30
B3GA02	92,93,78,108,80,107,79
B9UIZ4	65,117,53,61,38,125,86,35,98,63,113,109,33,47,67,59,60,95,102,115,49,89,52,62
Q09176	157,37,149,167,18,27,163,33
Q91IE3	166,168,164,165,163
P24005	155,150,144,148,146
Q95YI4	84,160,61,39,82,52,18,212
A7Z2A9	136,38,258,114,135,33,93,256,137,162,161,115,255,18,70,68,186,92,131,183,132,113,21,91,190,41,182,133,34,218
D6E269	141,82,135,109,23,137,105,20,71,106,57,63,107,81,69,72,128,52,30,134,50,22,73,114,83,127,104,124,138,24,60,115,56,140,90,88,53,117,131,132,51,78,21,142,91,29,139,116,64,26,39,31,85,102,112,80
Q6C4P5	11,16,109,106
Q9KKG7	89,112,111
P49458	50,3,32,45,47,26,41,2,52,46,48,30
P37108	37,38,57,63,33,36,64,24,39,31,59,2,66,27,25
Q38AM1	39,28,85,35,40,86,92,29,30
P03147	134,37,127,110,109,33,23,124,105,140,118,125,106,132,29,139,128,102,25,30
Q58830	47,14,64,16,63,18,48,62
Q12314	134,140,117,136,114,106,83,113,107,110,109,116,104,84,8,138,137,85,143,133,115,105
Q44501	50,45,47,41,102,40,49,100,42,46,48
P03126	37,143,73,40,113,110,70,146
Q1R1X2	38,46,39,163,162,44
P96856	157,154,68,71,76,75,61,38,125,179,73,92,131,132,135,81,69,139,47,124,93,59,182,185,60,96,89,189,58,80,70
Q8TQ93	14,76,12,77,15,46,33,30
M1QWM5	47,93,46,95,94,45
E1QU22	68,71,76,73,110,69,45,47,93,19,111,115,112,108,46,18,80,70
A9A2G4	164,121,161
E9JSA3	65,136,39,31,146,150,34,35,30,91,33,139
Q936H5	89,88
P44558	5,6,37,61,38,22,21,33,24,39,18,62,17,20
K1QRB6	141,140,43,125,123,55,22,114,130,113,127,91,116,23,128,124,54,59,111,126,52,112,48,56
P82242	73,45
O14960	57,53,138
P08190	68,67,50
P0A8Z5	68,88,119,114,86,57,87,51,121,110,69,116,23,67,59,24,60,19,102,66,58,89,25,56,20
Q87GI4	183,181,170
Q87GI3	71,50,118,123,83,151,121,81,69,124,39,150,48
Q5A0X8	37,82,119,86,83,127,124,36,120,115,40,75,77,123,44,87,121,79,116,41,39,34,42,80,122
Q8T6U0	14,141,43,209,22,16,127,23,124,97,59,120,60,15,99,126,96,18,56,101,140,164,208,53,125,55,44,206,57,21,121,142,128,54,103,95,19,102,100,58,42,207,122,17
Q2RVS1	65,76,50,61,77,32,22,73,35,86,57,63,72,36,64,26,31,34,96,80,48,62
Q5ZT91	88,64,103,61,60,99,44,94,86,92,100,89,78,80,81,48
O34738	134,88,77,131,63,135,91,104,23,67,64,97,95,126,49,100,129,42,46,108,27,101
Q16674	102,126,100,131,129,127,101
Q8KFZ1	140,136,32,106,35,57,135,139,36,138,39,40,56
Q7RTV0	72,75,26,61,85,11,49,58,46,23,33,30
L7P7R7	2,3
P61960	83,82
D5X329	68,90,43,37,44,106,35,92,51,63,91,69,45,47,36,67,93,15,94,102,34,49,100,105,46,48,101
A0R1C4	17,29,18
Q5Y812	24,38,31,39,41,34,35,42,108,17,104
C4LU64	51,119,55,116
T1YBT4	60,58
B3LQW9	242,43,37,172,238,44,183,63,180,36,41,39,60,176,59,244,243,40,49,52,184,56
A0B567	71,69
P02792	57,58,54,61
Q9LPZ1	141,166,181,173,169,172,176,178,174,127,175
A0L5S6	189,196
Q52424	37,82,28,32,114,83,33,93,115,117,90,88,123,178,148,78,121,81,91,79,116,29,149,176,94,89,80,122
P59087	36,31,34,35
Q9KMA6	84,10,64,82,85,49,87,80
Q9X7H4	43,26,37,39,38,40,51,42,46,27,48,20
Q79ZR9	54,53,74,61,20,73,105,107,62,70
C9K1X5	281,134,227,110,285,180,220,185,295,288,181,106,186,131,183,107,72,228,103,149,182,224,301,153,216,189,177,80,294
Q5ZYB7	84,52,55,87
Q8WTQ1	36,42,38
I1MYY4	43,73,130,16,127,124,99,40,18,184,188,20,101,226,75,74,125,77,222,131,81,72,128,41,39,19,223,100,129,80,17
P03712	,95
B3CET1	265,263,268,240,241
B4EDC1	71,120,162,105,113,107,70,116,104
P59082	65,71,88,43,118,114,155,73,57,51,148,116,104,47,84,45,54,97,64,133,102,96,58,152,46,48,56
Q0C8A2	134,37,38,22,73,130,138,59,60,15,40,108,27,48,62,56,101,76,53,74,125,123,57,78,121,107,67,64,39,19,31,85,89,122
G0Z026	164,173,176,179,167,127,165,170,163
Q47UY7	49,109,9
A0QY90	84,85,86,89,46,107,27,56,29
P77754	107,97,119,85,102,100,89,98,113,110,147
E2EKP5	53,55,32,16,21,97,103,19,34,89,42,108,46
Q9HVI1	5,76,37,77,35,86,13,79,7,10,36,8,41,39,85,9,4,40,11,42
Q2PMV7	14,16,18,12,23
O05515	14,43,37,38,106,130,132,10,36,8,41,39,11,40,42
F8TW83	75,250,258,305,234,78,266,264,248,315,233,317,275,232,254
P01583	173,227,172,125,123,178,179,222,219,202,237,234,151,127,180,201,195,128,220,236,225,244,223,176,262,264,174,243,251,177,152,233,252,175,170
N8X9V6	265,269,338
Q72QS5	92,84,36,90,103
Q9LSX0	14,5,1,6,3,44,131,16,17,21,7,33,8,41,39,19,31,2,4,18,25
E7E815	71,164,125,22,130,142,127,165,163,145,128,162,143,161,126,40,144,122,25,170,147
Q5F5Y8	107,88
Q929T5	154,50,191,187,51,127,81,190,47,54,41,185,85,99,192,58,42,46
Q9SN73	72,83,75,118,86,115,110,78,121,80,107
P0ACT8	90,164,74,125,73,87,91,163,69,97,160,94,66,105,129,70,101
C1GM11	96,98,97,50,48,94
Q9UHV8	65,72,75,53,55,63
Q30JB5	65,90,43,61,82,106,92,87,51,78,83,91,69,45,47,67,41,60,48,94,52,42,46,62,70
P29256	134,86,130,109,104,93,97,99,96,105,108,62,101,157,140,154,90,75,125,77,106,92,87,98,148,78,142,91,81,79,145,103,95,153,94,102,100,144,89,80,122,25
Q55330	14,22,32,35,13,16,17,21,29,10,26,24,31,19,12,15,11,18,27,25,20
P74564	68,71,75,76,74,82,32,22,86,87,63,78,83,79,23,72,84,67,64,26,31,34,11,40,58,42,18,80,27,70,30
I0BZV0	11,68,71,67,66,37,48
Q96GG9	181,117,164,114,106,86,87,98,113,83,180,165,116,166,97,111,102,115,167,168,177
Q8T893	71,154,75,118,82,77,73,142,113,107,109,163,138,111,152,156,158
J9U5U9	140,193,154,125,194,219,246,135,190,143,96,218,27,158,147
I3IL56	71,43,76,88,44,86,92,57,79,84,67,97,59,39,60,95,40,58,80,62
D2Z0P2	14,37,38,28,32,44,35,13,51,21,29,33,47,23,36,10,26,24,41,31,39,15,34,49,11,46,27,25,30
D2Z0P1	14,37,32,22,21,29,33,47,36,10,26,41,34,25,40,46,18,17,30
A8ALU5	65,134,5,6,43,50,136,14,28,13,135,124,138,24,120,60,185,143,162,25,115,108,184,68,140,90,75,76,88,123,44,183,21,142,107,81,69,163,72,128,166,64,103,85,112,159,17
P73954	65,90,88,32,63,33,104,36,64,59,39,31,41,103,102,34,11,40,89,17,101
P0AFW0	68,71,75,74,73,16,23,72,10,24,20,70
P0ABE5	14,5,134,90,141,169,50,37,32,155,13,87,98,63,148,151,91,45,166,64,97,59,24,137,94,167,102,49,34,52,105,112,108,46,66,27,17,170,101,30
P12962	44,39
Q2VE61	164,160,199,159,162,175,174
P76010	208,118,76,114,113,151,81,79,145,116,190,210,149,192,111,150,115,189,152,112,80,146,211,212,147
O15263	59,41,28,55,32,35,57,58,42,45,33
Q9NWV4	36,67,70,33
Q8TPV5	14,90,92,13,57,91,10,93,59,60,12,94,9,11,58,89,56
Q9L1E4	134,164,82,114,131,98,132,83,121,81,113,110,84,128,162,85,111,133,96,159,122
D6ES11	68,71,117,38,61,114,57,113,121,107,45,104,124,93,128,64,97,41,31,111,34,100,27
Q15369	65,64,102,106,66,105,109
P45696	31,32,33
D1CIZ5	11,5,47,14,51,41,82,79,30
I6QVT6	270,209,211
Q88LK7	75,76,77,32,80,122,33
Q9KXR9	84,93,88,54,82,85,94,92,89,91
O25064	47,37,55,52,87,51,46,83,80,48,30
C2SWC7	47,49,43,50,48
D3HJY4	71,84,50,49,46,48,56,69
P67809	65,71,88,118,74,119,87,83,69,72,67,64,120,85,70
O13610	128,66,134,132,97,103,142
Q3JFV4	134,136,188