Q5LUH0	43,50,55,114,98,21,91,116,59,39,96,89,58,48,17
Q8WQK3	164,76,162,77,174,171,163
Q3M4Y5	57,59
Q9RIM2	111,167,168,108,142,107,122
P19753	93,54,97,60,95,102,52,58,63,91,56
Q2RRQ9	47,105,46,129
Q0VSW0	72,25,70
Q2G4A7	2,7
A2SL15	47,72,90,61,19,123,22,92,105,42
Q9A5I0	117,42,44
Q7BSV8	125,133,130,132,127,122
P68661	57,13,54,21,19,20
Q46864	6,37,3,22,78,107,110,23,104,84,93,97,95,85,111,94,102,40,96,100,108,101
Q1HEA2	116,34,115
D0VX23	107,39,136,35
Q9SPD4	181,149,125,179,114,121,127,180,122
P37001	43,136,38,114,130,165,109,45,47,97,138,120,99,161,126,152,108,146,48,147,157,181,76,118,155,106,131,51,151,142,145,116,139,160,39,95,100,156,42,46,80,158
Q65163	5,6,50,82,38,73,13,83,47,93,96,1,75,76,88,77,79,8,85,2,9,42,46,80
C3W947	65,5,43,61,38,28,3,44,63,29,67,64,41,60,4,40,49,66,27,62
Q74G82	37,50,61,82,28,35,83,33,47,36,24,40,66,62,56,70,71,75,88,74,55,44,57,51,78,63,81,29,72,67,26,39,85,58,89,46,80,30
Q2T8S1	117,76,38,119,92,16,67,64,102,40,42,46,20
Q8PBM3	26,41,39,34,35,46,80
P63272	19,36,16,33
P39639	164,50,119,222,209,179,155,202,131,204,135,148,91,107,33,223,162,197,167,216,52,168,218,152,159,122,56
A2I2W2	134,154,164,173,136,169,155,171,204,127,79,124,166,156,80,48,170
Q8DP99	107,124,53,60,73,102,94,89,80,110,101
Q8YQN0	49,47,51,120
A3D092	68,44,106,98,63,69,45,47,67,64,182,95,99,96,100,42,46,48,188,62
Q6N0K4	57,60,62,34
Q97YX4	100,71,68,118
Q6N5V5	63,59,60,56
Q0B0G9	65,68,50,123,44,92,63,69,145,47,64,143,49,96,66,144,46,48,62,30
Q97WQ4	49,66,52,63
Q9WZC3	72,71,68,54,53,50,61,60,55,49,52,70,62,69
Q5SHE1	14,47,75,74,111,126,49,130,129,107,48
Q8VZS8	193,88,119,194,114,86,171,135,142,121,110,116,137,197,115,144,189,89,108,147
O25363	14,257,258,130,171,204,15,11,105,108,252,170,106,191,131,107,190,128,10,8,26,231,111,203,102,25
P38636	14,65,18,15
P80312	14,61,13,98,10,93,59,60,12,95,15,99,94,102,11,100,58,62,101
B3QER1	76,82,78,116
Q8A7Y0	43,88,41,31,27,30
Q8IIS0	71,140,90,88,43,141,106,87,151,107,109,104,72,139,138,103,149,41,137,150,89,66,112,42
A6L7X2	71,86
Q1EMV2	68,71,76,50,118,43,119,77,123,131,78,121,127,79,69,33,23,72,47,36,45,128,26,41,120,39,67,54,99,111,40,42,70
Q0P891	52,41,38,56
Q97ZE3	53,50,38,28,32,35,51,33,29,36,26,24,31,34,40,49,52,27,48,30
Q8YAK7	106,78,25,170,147
Q7PGA3	72,84,128,67,64,125,73,63,121,79
Q65NU7	26,53,12,15,51,29
D5MNX7	6,82,28,32,114,35,86,110,109,7,84,36,93,24,40,96,66,27,20,90,88,117,118,92,87,63,21,113,81,91,39,19,85,4,100,112,80,17
P59665	65,93,67,88,77,94,87,89
Q8NRX7	11,12,13
D4AEP7	65,1,121,175,7
Q9Y3B4	93,97,61,99,22,92,96,91
P73048	76,137,107,111,116
B7J6R7	40,36,100
Q8NT71	68,76,69,70,151,150
Q2G8A3	64,53,59,61,60,55,99,57,101
Q7NY68	14,290,75,37,74,125,73,13,98,78,180,79,10,36,97,41,12,9,96
P0AFX7	187,189
O88188	134,82,55,131,87,98,148,142,127,83,145,128,84,97,138,103,149,85,153,133,126,100,144,129,159,122,62,70,101,147
B2FQ63	72,68,67,26,24,52,66,21,25,69
P04608	37,27,30,25,22,34,33
Q10589	76,73
Q5NHD0	72,71,65,8,64,59,39,74,60,73,2,4,13,58,66,63
A6T925	68,84,117,118,119,155,87,121,70
A0QRC4	47,68,8,43,54,74,12,55,15,44,9,66,52,18,81,56
P33788	31,36,35
Q7CPA2	14,84,90,88,12,85,99,13,87,89
Q9KJ88	5,6,73,86,83,104,84,105,146,170,101,90,75,76,169,88,77,92,87,98,78,63,79,103,149,95,102,4,167,100,168
Q2G1A5	31,125,28,123,99,32,122,30
P01887	77,83
P35926	96,134,130,112,99,153,133
Q44635	43,88,74,39,19,42,46,70,23
Q54X65	15,18
Q8SUP0	11,105,14,102
O41136	117,125,123,22,148,121,116,23,26,120,149,153,150,115,126,152,156,159,27,122
Q585M6	394,313,321,348,383,316,373,357,380,353,377,396,356,399,317,320,324,428,376,379
P15692	65,124,120,114,102,115,113,121,79,116
Q37964	26,37,38,28,22,32,40,23,29,30
Q7PXT9	68,76,77,114,148,151,138,137,111,96,144,80,62,147
Q81JI2	82,85,80,79
A4GRE3	65,37,50,3,114,2,25,96,21,107,109,33
Q8GWS0	134,90,136,123,92,87,148,135,91,149,133,150,89,147
C7MVX3	14,59,56,33
Q8K4Z3	114,187,256,138,59,185,66,62,184,188,117,77,186,191,183,63,78,113,81,235,190,236,67,182,239,111,189,112,212
Q1W640	88,119,123,22,87,98,127,81,91,72,84,128,67,124,26,120,85,102,66,129,70,101
F9UMW3	117,118,119,114,131,13,130,121,128,41,39,95,12,120,99,115,11,129,18
C4MBE2	72,68,76,74,106,115,108,110,79,70,104
Q8GPH6	57,43,108,15,38,42,109
O42978	49,58,60
Q9UUI1	43,59,20,32,69,33
C1D7P6	100,112,137,113,102
Q5SJ83	84,97
Q8XVB9	14,43,53,55,13,54,41,52,42,46,56
Q2W014	75,37,76,38,74,61,73,63,47,72,36,10,26,39,40,11,66,46,27,62,25,30
P23154	65,88,82,125,57,132,63,110,91,124,128,54,129
Q5QUJ8	27,28,25,24
P61829	64,53,59,19,60,55,57,66,52,63,62,56
Q84AQ4	227,206,57,135,45,316,47,228,231,224,232,317,320,46,48,257,56,254
Q84AQ1	5,3,7,9,4
Q8YY42	71,26,74,33,30
Q9H5X1	124,89,90,123
P79085	75,118,37,38,59,150,73,40,57,58,110
Q9CHR1	71,68,75,76,136,131,51,148,142,91,145,45,47,72,149,95,99,111,112,152,108
Q976J8	6,9,27,29
Q9JHF9	65,71,117,76,118,74,61,119,90,82,87,121,151,104,124,54,120,153,94,102,126,52,122
Q8G9L0	50,28,77,73,87,51,45,31,9,40,52,89,27
P40337	134,117,88,76,86,202,98,204,127,91,110,107,109,201,69,128,67,160,120,99,111,203,197,115,112,156,101
Q9K0A9	199,114,13,260,110,47,120,249,262,15,264,115,295,263,250,77,132,113,81,69,116,72,128,200,12,248,203,247,129,112,261
Q4UNB3	5,10,8,19,12,22,9,11,16,18,7
Q9KCC6	50,53,55,44,29,7,47,23,8,26,34,49,52,46,27,48,25,30
Q9VAK8	91,94
Q5NV90	43,37,41,39,38,86,40
O87496	54,53,88,120,119,85,86,52,87,51,129,121,107
Q86SG5	65,87,67,63,74,91,69
Q3YN09	65,134,37,61,28,155,86,131,130,63,78,148,127,151,29,72,67,64,26,31,85,66,58,27,62,25,70,147
Q07341	189,188,226
Q9HY80	5,6,37,41,38,39,35,4
Q2FVD0	229,226
Q5U925	14,134,114,187,130,127,165,104,126,11,115,101,154,164,242,125,219,214,131,151,81,240,145,241,116,29,10,103,12,224,239,133,9,102,215,144,216,218
Q8IJK2	14,10,117,36,41,38,12,2,9,11,13,34,40,42,33
P07386	210,190,193,258,259,162,192,191,144,260,212,229,257,211,145,213,146
Q8TBZ6	205,208,245,186,206,187,214,234,246,210,231,244,248,251,217,218,188,232
B6HWK0	72,68,65,67,71,64,66,89,69
P83467	72,93,95,28,99,96,70,69
Q91EV7	98,99,97,103