P17574	14,76,37,38,125,155,35,131,13,16,21,79,23,36,39,19,40,17
P00214	14,5,43,50,3,55,22,44,35,13,16,51,17,21,33,23,45,26,41,15,9,40,52,42,46,25
Q94702	65,134,61,119,110,138,97,120,96,105,48,56,76,53,74,125,123,55,92,57,98,132,63,113,79,116,72,67,103,41,95,49,100,52,144
P19267	34,38
P0CY10	124,117,97,82,119,120,123,77,115,100,113,122,116
P0CY08	184,134,181,173,136,141,178,179,186,131,130,132,135,182,185,133,156,177,175,188
P01574	118,103,114,107,44,101
P13123	65,14,5,3,28,22,44,7,29,33,45,8,26,24,39,31,41,9,40,66,42,46,27,48,25
P06533	92,66,1,64,63,55
P23308	17,21
P20116	21,12,25,22,20
Q01469	118,61,32,35,131,78,63,107,109,79,23,36,41,39,19,120,58,129,62,56
P0A731	65,71,88,98,91,45,23,47,67,19,102,66,18,48,17,101
P00154	140,43,114,35,148,81,36,39,95,94,96,144,40,152,147
Q04760	68,157,181,173,61,38,123,183,171,63,151,127,180,163,104,72,93,36,59,161,150,34,102,100,89,156,66,184,70,158
P01543	40,44,29
Q01468	8,3,38,9,2,40,30,51,42,62,7,33
P24297	6,8,41,39,9,11,42
P15570	53,38,55,32,83,79,104,36,67,111,96,80,62
P16108	88,86,100,89,108,107,109
P26788	75,61,73,44,46,48,70,29
Q9IPS9	166,153,167,168,171,156,268,211,212
P43777	88,43,123,44,92,83,45,54,95,85,89,46,56
P11732	14,38,77,73,35,51,63,47,64,26,59,60,19,15,52,42,18,80,27,48,56
P07737	28,27,45
P0A8U6	65,14,61,28,13,16,45,23,24,60,15,40,66,105,18,62,20,71,68,53,3,55,44,57,91,72,10,64,26,54,41,19,95,2,25
P00147	14,32,114,13,84,15,126,11,18,68,117,88,118,74,125,55,21,121,81,69,128,10,85,34,89,122,17
P82291	65,71,43,50,53,61,75,44,79,72,36,67,39,49,27,62
P0A7F3	141,6,50,82,114,86,109,7,84,138,60,115,11,48,56,20,1,90,3,51,91,116,10,8,19,12,94,9,2,4,49,89,58,52,17
P15474	118,61,82,22,114,86,16,83,21,107,109,29,93,97,24,59,111,105,108,18,80,17,20
Q45488	134,141,50,38,82,35,84,97,192,99,40,108,147,140,191,98,51,81,190,139,54,39,95,94,216,215,144,189,217,80
P61459	61,89,63,78,80,81,62,79
P04531	68,140,181,88,37,208,136,227,178,32,209,206,13,16,132,135,33,139,36,10,225,223,176,85,12,15,11,144,152,177,108,42,175,226
P68919	14,90,75,88,37,32,13,87,78,21,29,31,19,12,9,18,17
P00639	65,134,227,61,194,32,274,35,221,131,98,234,63,132,121,190,220,36,64,97,225,223,31,192,133,197,34,100,96,156,129,233,159,229
P0C0Y7	124,128,93,26,19,22,30,126,96,27,23
P00273	10,13,29,30
Q9NAV8	6,43,37,38,61,82,32,22,114,35,83,110,109,33,23,47,84,36,93,97,59,60,115,56,101,90,117,53,44,57,87,98,63,21,116,128,67,64,26,39,102,2,100,89,52,112,42,80,25,30
P13081	65,37,61,119,86,35,59,120,60,99,115,105,48,56,90,117,55,44,57,87,113,107,103,85,111,34,58,30
P21583	79,83
P80176	43,75,61,77,63,78,69,64,19,49,46,48
P13988	114,131,130,132
Q64288	117,8,119,4,66,18,20,116
O66511	14,65,22,57,23,10,59,60,12,58,56
P0CI76	14,53,82,77,55,35,86,16,83,81,33,72,84,36,54,59,85,15,34,9,58,62,56
P03051	57,58,43,54,42,39,46,55,56
P02775	73,74
P49789	5,37,74,28,73,35,92,98,83,91,29,72,10,8,26,94,96,89,27,25
P19656	117,75,118,74,38,76,119,73,106,114,87,98,63,78,110,81,109,116,45,84,67,64,60,99,115,96,42,108,80
Q46604	50,53,82,32,106,35,51,121,29,47,54,31,15,48,49,52,27,122,30
P32173	14,71,53,82,12,15,99,13,16,78,25,79,101
P00210	14,3,55,44,35,13,57,16,45,7,59,60,12,15,18
P04512	123,120
P07435	117,38,119,22,87,83,81,69,116,36,54,103,102,115,40,89,56,101
Q7SIF3	124,120,125,123,102,105,107,122,104
P18317	110,112
Q9RQB9	68,90,119,73,132,83,91,69,72,93,54,120,111,115,112,108,101
P08854	43,39,19,22,40,21,20
P05019	72,65,64,53,74,59,61,73,100,52,51
P74917	65,82,179,114,130,180,110,104,93,97,126,66,62,170,211,181,164,205,169,208,90,194,198,106,191,183,78,63,107,79,163,190,166,67,223,111,203,94,102,215,197,89,207,80,195
P80721	71,141,43,75,74,98,78,109,116,104,47,33,67,95,99,102,144,66,112,108,46,48,70
Q8IK57	13,75,12,30,56,34,33
P09353	47,93,90,49,92,89,63,46,91,48,20
P80882	68,71,43,38,44,57,54,41,62,17,56,70
P02246	28,77,55,73,106,98,54,97,102,58,25,101
P35505	141,199,123,237,234,246,142,127,201,364,240,163,253,128,256,122,244,137,133,126,247,233,159,350,349,257
Q01747	93,90
P22365	125,80,119,122
P0A6X7	65,5,71,88,76,61,82,55,73,86,57,51,63,78,45,47,64,60,4,66,48
P44096	65,74,18,79,69
Q9DEF8	64,143,66,70
P10245	14,65,6,61,13,16,63,33,12,15,11,66,27,62,17
P33678	43,28,55,22,57,54,12,40,49,58,42,27,25
Q7SID0	71,117,75,74,114,51,78,142,113,107,109,54,103,41,99,102,52
P06148	65,68,44,98,91,109,69,45,104,47,72,95,94,34,100,105,108
Q8IED5	134,140,173,136,138,143,133,171,135,139
Q9X0H1	124,10,123,7
P0A415	14,65,50,22,13,16,51,17,21,23,67,54,26,64,59,60,12,15,49,11,52,40,58,48,25
P0A429	14,37,28,22,32,35,16,21,29,23,36,24,19,12,31,15,11,18,25,20,30
P0A403	26,24,31,15,11,21,17,20,29,30
P69776	37,41,28,22,44,34,51,48,33,30
P29602	89,99,94,46
P09132	14,68,37,28,22,13,16,83,69,29,33,36,19,15,34,17,70,101
P22450	14,43,37,38,32,35,13,16,33,7,45,36,93,11,40,66,56,68,1,3,77,44,87,78,81,10,54,41,39,85,9,2,34,42,46,17,30
P60618	141,43,86,109,84,185,105,108,71,76,77,178,92,183,98,81,69,72,128,182,150,4,49,144,52,156,46,159,195,30,14,6,37,179,73,187,16,110,180,47,124,36,59,40,70,147,140,117,88,169,74,186,78,91,139,190,166,10,26,111,189,158,136,82,171,33,93,192,174,126,96,62,175,170,101,157,154,164,172,125,123,155,57,87,79,95,94,2,100,58,177,17,193,173,83,97,138,162,15,161,188,56,90,75,53,3,194,51,85,89,112,80
P12733	5,43,37,38,114,13,16,17,83,110,109,45,33,47,84,36,115,66,48,20,70,68,3,51,113,69,29,116,67,64,26,39,85,111,2,4,52,112,25
P12734	43,28,86,13,7,23,84,96,20,68,71,57,81,79,69,8,95,2,4,9,49,52,46,17,14,5,6,50,61,22,16,83,47,24,59,60,15,11,56,70,3,51,78,10,54,26,41,39,19,12,80
P10970	136,82,28,135,23,84,137,18,62,20,68,71,76,118,77,123,63,81,69,72,128,67,95,94,2,4,133,17,30,65,5,134,6,37,61,114,130,16,83,127,138,120,99,66,27,70,140,117,75,3,131,132,116,139,64,26,103,34,102,129,80,25
P12732	14,68,3,55,22,32,35,13,57,63,10,54,64,24,59,12,2,34,66,56
P10972	82,38,119,13,7,33,84,93,96,108,18,68,118,106,98,81,107,69,8,95,2,4,9,52,17,14,5,6,22,16,83,45,36,115,40,66,27,70,90,88,53,117,3,55,44,21,113,91,10,54,39,12,112,42,80,25
P14116	43,38,35,57,51,45,36,39,19,52,18,17
P10971	5,6,43,55,44,35,51,63,45,7,47,10,8,59,2,52,58,48,56
P18138	14,50,28,22,32,35,16,23,24,60,40,66,62,56,70,20,53,57,51,63,21,69,29,64,41,19,12,31,9,52,17
P60619	14,22,13,16,23,59,60,15,18,20,51,21,69,10,19,12,34,49,52,42,46,17,30
P32410	43,28,13,7,23,33,18,20,8,2,4,9,49,52,46,17,30,14,5,6,37,50,22,32,16,45,47,36,24,15,11,40,27,53,3,55,44,51,21,29,10,54,26,19,12,31,42
P22452	14,6,43,37,50,38,28,32,22,17,7,23,45,47,36,11,18,48,20,3,44,21,29,10,8,26,41,39,31,12,2,4,9,42,46,25,30
P32411	43,38,82,28,86,13,33,7,84,48,62,68,1,76,77,63,81,79,8,2,4,9,49,58,46,17,30,65,50,61,35,16,45,47,36,59,60,15,66,27,70,53,3,51,78,91,29,10,54,64,39,31,85,34,42,80,25
P0A182	36,43,42,12,33
P50135	193,173,6,61,119,28,179,22,187,16,196,285,180,7,120,60,283,143,15,66,146,62,184,147,90,245,198,191,183,246,142,91,29,190,19,94,243,197,9,144,89,247,195
P35804	181,169,199,171,180
Q51227	47,49,195,54,88,32,34,147
O82040	54,50,24,59,19,15,13,52,48,17,56
Q7SIB8	10,90,37,95,12,87
P10868	50,136,73,221,171,135,137,115,170,70,20,71,68,90,117,118,74,172,219,92,91,69,116,139,72,41,95,218,42,46
P05057	141,76,50,74,38,37,186,187,98,142,145,67,149,39,95,99,94,102,49,52,42,188
O76242	22,73,83,45,99,11,66,48,70,75,53,87,79,69,26,103,12,102,49,52,80,25
P19972	71,67,160,162,198,161,216,217,204,70
Q9Y7P0	5,6,164,50,148,63,165,145,139,47,67,64,97,41,160,185,162,103,161,102,2,4,49,168,146,48,62,101,147
P26789	1,6,3,22,44,7,45,23,10,26,24,41,31,19,15,2,34,40,18,27,17,20,30
P26790	37,22,16,21,33,23,29,26,39,19,15,18,27,25,20,30
P21149	50,53,55,51,83,45,31,85,52,46,48
Q05097	37,50,38,51,63,109,54,41,39,102,52,105,108,101
P45718	43,88,32,92,87,98,63,91,45,84,67,59,103,137,39,99,94,102,66,42,46,62
P97253	37,3,28,32,44,35,13,7,23,10,24,39,31,12,34,4,9,46,27,20,30
P95673	28,32,22,35,16,21,29,45,23,36,26,24,39,25,18,46,27,17,20
P12306	2,4,31,29,30
O26745	72,47,74,15,73,46,48,45
P81180	71,5,6,43,75,74,82,76,53,3,50,38,44,92,57,78,83,7,23,93,54,41,24,95,94,2,4,11,1,52,42,27,25,56,70
P13689	154,61,82,55,86,92,57,87,187,63,84,93,64,97,103,95,85,144,189,62,56,101
P83391	82,28,55,32,16,63,21,29,33,64,26,60,34,66,42,62,17,56,20
Q8EDL6	43,50,73,114,86,83,110,109,33,104,84,97,59,60,99,40,108,62,56,70,71,90,88,76,74,53,77,44,87,98,63,113,81,67,64,103,31,95,85,111,94,34,102,49,100,89,42,80,30
P60568	65,90,61,82,55,92,98,51,63,47,93,64,59,85,94,102,58,105,62,56
P02210	68,71,43,44,106,92,109,29,45,67,64,95,99,40,96,105,101
P41201	134,136,38,130,124,36,93,161,126,40,96,66,70,71,88,74,125,92,98,132,91,69,163,72,128,67,160,95,153,133,156,129,158
P11746	37,38,35,21,45,33,29,39,19,20,34,40,66,42,18,46,17,70,30
P05109	65,61,28,87,63,83,70,23,93,26,59,24,25,27,17,20,30
Q53908	90,76,86,13,51,72,64,85,15,99,49,66,89,62,17,101
Q47764	141,86,83,110,84,138,24,143,146,147,76,88,77,87,78,142,145,72,149,85,111,89,25
Q9NG96	71,43,82,55,114,86,78,63,110,81,29,67,97,24,39,59,100,66,58,105,42,46,27,25,20,101
Q27415	16,90
P02966	8,54,37,38,39,77,40,78,80,79
P22392	88,118,55,113,64,60,12,94,115,52,112,58
Q9X113	68,118,61,102,63,70,23
Q47765	96,93,105,89,97
Q08826	118,82,113,86,112,83,127,81
P76344	88,82,178,101,29,200,176,85,167,216,27,175,212,213
O28085	67,80,69
P31658	91,123,86
O02372	117,118,38,114,86,35,87,98,135,142,113,81,110,151,83,139,84,93,138,41,153,150,102,152,105,42,80
Q8MTC1	68,90,73,130,104,93,64,24,94,133,52,89,105,108,129,101
P27707	141,199,82,32,35,86,204,196,127,33,104,36,97,59,137,192,96,146,188,140,242,53,238,55,194,191,246,201,240,241,29,128,200,31,85,133,197,34,243,144,58,89,100,207,30
Q13526	134,61,32,114,73,130,16,110,33,23,93,97,59,15,115,18,146,27,147,157,68,154,88,75,74,117,71,125,131,63,148,113,121,69,72,10,31,34,9,129,112,80,122,17
O77421	141,154,117,43,61,119,55,127,139,39,60,143,58,156,129,48,70,101
Q00433	65,119,73,114,86,124,93,120,126,66,56,71,90,75,76,117,118,88,125,77,123,57,78,121,91,69,116,72,128,67,54,89,58,122
P0A917	134,71,103,59,60,41,94,102,44,83,104
P17413	193,37,136,38,82,179,86,187,83,45,93,97,137,162,143,126,40,175,48,101,147,154,90,172,44,186,183,79,190,228,41,182,31,176,224,94,34,133,100,144,159,30
P00974	68,67,75,53,76,82,77,55,44,57,66,51,42,83,81,56,70
P39135	90,75,76,74,88,155,44,73,87,196,151,107,109,160,31,162,161,89,158
P09386	81,65,88,37,50,39,64,28,35,49,89,78,27,48,62,33
O66665	46,161,158,21
P0CX80	38,19,28,15,22,32,44,34,46,17,45
P50618	71,43,76,44,73,13,81,79,45,72,10,8,12,9,11,46,80,48,101
Q8U440	6,9,18,21
Q9R381	136,82,22,130,83,127,93,138,120,126,115,66,68,90,88,125,123,92,21,91,81,79,116,94,89,129,80,122,25
P14122	119,114,86,130,83,127,84,115,126,108,70,71,90,76,88,123,131,87,113,72,111,89,112,122
Q8ZPC0	134,141,38,35,110,109,138,143,99,105,108,147,140,106,98,107,39,111,133,34,100,144
O34911	154,119,28,44,35,130,16,87,121,180,45,33,47,120,15,153,133,25,49,152,46,48,17
O07517	52,55
Q9DHS8	47,65,67,43,44,66,51,48
Q81F54	36,38,37,142
Q5KY38	199,153,101
P84138	185,245,248,186
O32727	50,55,106,86,92,130,98,51,81,110,107,109,84,54,97,85,99,105,108,46
P0ABS1	117,138,114,135
Q27084	141,43,187,196,109,104,47,93,59,244,137,48,184,188,56,140,90,250,245,55,198,106,92,57,234,151,142,91,139,235,236,200,103,149,95,231,153,94,243,247,150,102,189,156,197,203,46
P54173	95,98,94,97
P25052	205,208,136,44,51,135,81,163,139,47,85,168,48
Q9HX49	76,50,38,82,28,77,123,73,35,92,47,84,39,126,58,89,42
Q9Y547	130,37,29,32,34
P20047	117,103,114,101
P75430	154,117,76,118,50,3,119,125,123,55,78,121,7,116,124,128,120,153,115,49,52,105,122
Q9JKE2	134,33
Q46582	5,1,24,61,60,2,25,23
P84068	47,1,75,76,125,99,32,34,105,46,48,79,45,139
P24093	134,64,136,54,61,55,57,132,63,135,62,109
P07013	64,12,15,49,13,16,63,27,17,30
P00383	68,36,67,32,66,69
P46797	14,10,26,53,12,15,32,11,13,52,16,51,56
Q9LUJ3	157,50,86,57,87,51,47,54,59,85,161,58,156,152,159,146,158
Q00458	68,50,53,69,45,47,67,64,97,54,96,66,48
Q9X1V7	110,112,103,126
Q800Y1	67,76,63,70
P0C2P0	6,88,76,82,28,55,73,86,87,130,91,29,45,47,128,7,10,54,26,103,85,126,115,4,129,105,25,56
O70200	96,100,90,105,97,94
P63165	76,78,41
Q8DLM0	37,103,102,106,105,101,104
P67825	131,130,129,132
P26602	141,154,117,125,77,32,114,155,35,127,91,81,79,145,33,36,93,34,115,156
Q99828	124,118,169,120,172,161,167,191,100,98,127,122,165,163,116
P0A6D0	124,128,103,125,106,126,102,130,129,113,127,110,109
Q9FA38	71,76,53,50,88,119,75,77,74,22,73,55,72,166,84,47,24,52,58,80,48
Q9KQN0	90,117,173,160,120,162,55,126,105,51,107
P26449	199,257,185,291,258,198,313,247,315,184
O29630	52,75,50,76,77,139
Q9QZ88	10,117,8,39,123,86,115,180,62
Q9RHG4	14,71,75,37,74,38,43,44,73,106,13,16,98,79,47,72,36,97,103,39,95,12,15,99,102,40,96
Q9KU27	49,70
A5GZW8	84,157,76,95,99,153,73,102,106,126,110,87,83,80,107,122
Q71AW2	256,225,244,28,32,219,234,232,29,33
P03042	43,37,50,38,44,47,36,26,41,39,42,27,25
P69348	5,1,6,54,69,76,3,39,31,77,35,4,78,56,70
P84887	157,141,169,172,114,121,109,128,84,160,85,156,159,158
Q83WS1	84,68,67,97,82
Q9PJ29	164,173,172,206,171,204,163,166,210,162,167,11,168,207,170
P39990	73
P81303	12,24,9,21
P17728	57,68,58,54
P39779	65,71,75,50,61,98,51,69,72,97,99,96,100,62,25
Q58584	68,43,76,118,44,73,145,104,72,67,97,41,12,99,96,40,66,42,146,122,101
P06465	88,85,55,52
Q57468	50,41,37,31,28,52,51,29,30
P03612	90,88,53,50,44,86,92,47,64,60,52,58,46,48,56,62,30
P03606	65,140,62,195,139
P12376	72,67,75,64,59,55,115,58,113,25,56,70
B0R5M0	14,36,51,37,3,35
Q2F1K8	83,103,46,81,44,45,104
P00152	117,118,82,86,13,16,121,69,23,47,19,12,85,20,126,58,89,122,17,70
O76096	65,64,63,62,145
Q8TL28	294,181,263,238,259,194,186,187,196,293,240,267,195,220,292,256,228,225,185,224,249,262,243,189,295,229,188,232,254
Q92730	38,28,22,45,23,24,126,40,27,170,70,71,169,69,128,26,41,39,168,129,42,25
Q5YD59	43,61,119,36,59,60,105,70,76,74,57,87,98,121,107,72,54,41,39,85,133,89
Q8ZJW4	68,71,76,82,77,22,114,78,113,110,81,79,69,23,104,103,111,102,115,66,108,70
Q9YEQ6	125,89,90
Q748S4	90,88,76,38,77,73,86,87,63,91,33,72,36,59,39,31,85,34,42,62,70,30
P02883	65,193,43,227,119,32,73,171,135,180,109,33,104,23,47,93,36,97,24,115,105,62,188,101,147,226,157,71,118,172,194,198,155,191,92,214,51,63,78,142,107,79,190,128,64,103,41,182,224,31,111,197,102,94,217,100,52,216,215,42,46,80,30
O59172	65,71,75,43,53,76,77,44,98,51,97,41,15,96,52,42
P61969	47,140,90,76,26,53,50,137,118,44,73,115,87,112,109,23
Q5SK07	54,50
Q8IU26	134,88,53,55,106,92,16,51,107,109,84,93,97,59,94,96,52,105,108,18,56
Q5SLL2	25,26
Q01105	227,74,222,77,78,63,127,81,59,223,66,62,226
P07678	93,88,125,113,114,92,87,89,83,121
Q46982	64,61,238,239,106,108,63,139
P27838	58,3
Q99584	68,75,37,24,64,28,32,66,27,70,29
Q5SK02	72,74,59,86
O59021	114,115
Q5SLR6	77,76,79
Q96YM2	84,5,97,95,44,2
P00099	37,38,82,86,83,33,45,47,84,96,66,56,70,75,76,74,77,78,81,79,69,34,49,46
P08877	32,43,45
Q7VWF8	76,33,35
Q7A1N5	11,8,7
P52754	65,59,62
Q9WZF7	18,21
Q3ZDQ9	6,59,9,63
O87963	14,61,119,114,187,110,24,120,115,184,188,157,117,118,125,123,106,186,57,183,113,121,116,190,182,111,17,158
Q9HQM9	40,38
Q97WD2	68,88,118,61,28,22,86,113,109,69,23,67,59,120,24,85,111,66,89,58,25
Q91LD0	31,46
Q8LGG8	53,131,13,130,51,132,145,116,26,12,146,133,11,52,112,27,147
P63228	53,136,22,92,13,21,107,110,109,54,137,19,12,111,94,11,80,56
P84801	68,90,43,28,44,121,110,109,67,26,120,12,11,66,112,89,108,27,70,30
Q9HJ63	61,198,174,153,102,16,177,18,195,20
P76364	88,103,82,19,102,86,51,21,20
Q7MVF6	29,32,34
Q8BTR5	47,96,101,46,45
P0A333	78,82,80,81,77
P04168	36,67,64,53,31,12,34,66,63,48
P01175	75,53,82,55,78,83,81,79,84,54,41,85,52
Q9KFA8	54,43,41,38,59,60,61,55,144,42
O29901	43,75,76,38,119,118,77,106,113,109,7,104,4,105,112
Q8DSE5	65,43,50,37,38,73,45,7,47,23,59,24,120,99,66,27,71,75,53,44,98,21,121,79,69,29,72,54,26,102,4,49,42,46
B2J933	43,88,169,172,86,57,63,79,64,41,40,58,42,62,25
Q5KVJ9	58,88,60
A9CKP1	22,26
Q81HL8	14,134,43,172,77,16,132,135,45,41,15,111,133,174,108,18,42
Q6XQ58	90,88,50,37,3,123,22,51,47,103,39,20,94,9,4,52,42,70
P67700	34,37,33
Q0PB48	71,117,75,50,53,82,32,114,35,86,78,113,83,72,36,54,64,49,66,46
Q97G05	47,72,43,64,28,49,13,42,27,48,70,29,30
Q72EF4	65,141,43,37,136,61,119,127,109,104,124,93,137,60,120,143,115,40,126,66,105,108,48,56,70,68,140,90,53,123,92,98,148,145,69,116,139,67,64,103,149,133,102,150,49,144,89,52,112,129,46,42,122
O43809	209,104,59,60,192,99,101,157,205,208,172,55,155,206,63,190,103,150,102,100,58,207
A1JSS7	47,50,143,144,42,45
Q65LG7	82,114,73,135,83,110,109,84,138,120,108,20,71,117,75,76,88,118,74,77,87,113,21,116,19,31,85,111
P60022	58,33
Q8RLX2	65,47,117,118,77,44,66,52,78,48,79,116
O27099	5,73,106,148,110,104,54,26,24,59,2,25,56,30
O30511	250,222,186,221,187,246,240,124,225,223,249,248,94,211,189,188,195,212
Q7A260	24,135
P16528	220,154,160,222,239,161,159,212,241
Q8A9J5	6,8,94
Q57851	28,111,114,34,9,13,112,62,25
Q9HLN2	65,43,88,64,118,61,119,111,86,115,87,121,56,33,30
Q6R661	147,85,83
Q5LL55	43,53,22,32,57,29,54,26,39,60,31,34,40,42,46,25,56
O30176	47,50,66,69
Q9JYL1	140,136,22,96,144,66,70
O58562	28,38,34,82
Q87TZ9	105,103,101
P13298	134,140,164,76,136,75,38,77,106,132,135,110,107,29,139,138,39,137,111,133,112,30
Q9WZ50	65,37,61,38,119,73,127,36,24,120,66,108,71,1,117,75,118,74,123,72,67,64,26,39,95,94,2,4,46
P60616	27,28,29,30
P77214	71,66,58,69
Q28TU0	13,10,37,146,143
O32221	65,13,16,12,15
P09681	57,52,58,61,62
Q206Z5	71,84,64,43,138,60,73,86,81,45
Q99616	47,68,71,67,69
Q2CBJ1	117,119,185
O95639	68,76,82,114,86,96,105,110
Q8W453	65,68,71,76,37,88,38,77,87,69,72,84,36,41,85,102,34,40,100,80,27,62
Q8AAW0	5,8,7,4
P04570	72,117,76,74,19,119,126,115,21,81,121,25,23,70,30
Q16873	93,97,59,55,58,112,51,108,116,104
P42624	157,210,37,199,38,211,158
P85511	112,108
Q07524	290,71,118,50,209,51,110,109,103,120,105,207,122,288,70
Q933Z0	14,6,50,82,28,86,130,83,127,110,109,7,93,24,126,11,66,105,108,27,90,75,74,155,106,87,51,78,107,91,72,10,64,26,8,12,85,111,153,9,100,89,52,129
P49949	75,50,76,38,55,86,57,87,98,51,16,83,45,47,84,93,59,95,60,85,19,94,34,49,100,89,46,48,56,62
Q5SLP8	72,90,54,50,73,2,4,92,87,91,69
Q5SHN7	5,68,43,37,50,38,53,55,73,44,35,13,57,51,45,36,54,97,41,39,60,99,9,40,52,56,42,48,17,62,70
Q5SHN3	14,5,6,43,50,28,114,86,13,16,17,83,110,7,47,84,120,115,66,18,27,48,20,70,101,68,88,3,44,92,87,98,51,21,113,91,121,69,29,116,10,54,26,31,12,111,94,2,9,49,58,89,112,46,25,30
P80377	14,28,114,110,109,23,104,124,97,24,120,99,25,96,115,126,105,108,27,70,101,117,88,125,77,123,44,106,92,87,98,78,91,107,29,116,26,103,111,102,100,80,17
Q5SJ76	65,5,50,38,61,28,22,35,23,24,18,48,20,68,55,57,51,21,69,72,8,54,64,31,12,9,2,49,52,58,42,46
Q5SJH3	14,5,65,6,43,50,38,61,28,82,35,13,16,17,83,33,23,45,24,59,11,18,27,62,68,1,75,3,44,63,81,69,72,10,67,8,26,41,31,12,2,9,42,80,25,30
P80382	72,68,71,67,64,53,50,61,74,75,49,63,81
Q5SHP2	14,5,6,37,53,3,77,55,73,78,81,79,72,36,10,54,2,4,34,52,80,70
P62661	14,65,38,61,28,82,22,35,16,17,83,23,36,60,15,105,18,27,70,101,68,75,74,106,57,87,78,81,79,29,10,64,26,103,39,19,31,85,34,102,89,25
Q8NRS3	92,57,96,53
Q99WU4	70,73,23
P12302	246,225
O25841	50,82,32,104,84,11,66,105,18,62,56,20,70,44,106,78,107,69,10,54,26,103,12,94,102,58
P03052	50,53,37,38,22,57,23,47,36,19,49,52,18,46,48,20
P02886	220,236,164,166,242,203,219,215,206,246,204,241,213,235
P0AC69	71,84,59,85,32,22,83,70,30
Q8KRV3	65,67,64,28,32,66,63
O28314	105,108,103,61,63,55,106,104
Q7SIA5	71,136,298,73,206,144,265,207,261,145
B4EH86	84,75,85,86,49,112
A7XUK7	37,24,46,25,22
P22483	26,19,15,23,30
Q6ZYH1	54,85,57,79
Q6ZYF6	81,110,90,78,108,107,25,35
Q9SE33	181,164,178,197,218,196,159,213
D7GNB4	64,97,59,74,60,76,85,55,100
P35530	43,37,120,19,123,17,20
O25671	134,117,90,97,99,102,96,98,105,42,142,110,145
Q8VL32	54,59,12,55,9
P73213	61,12,15
O25423	47,36,89,88,43,110,104
Q64368	43,82,38,123,55,114,73,113,110,109,79,116,104,72,84,111,115,112,80,70
O60895	105,101
B5Z8Y5	84,88,107,99,101
P81860	68,71,50,59,22,57,66,18,48
Q8VK10	65,68,6,43,38,44,35,29,33,7,10,67,8,39,60,12,34,4,9,66,58,46,48,62,30
P0A1R0	57,55,42
O58552	74,77,114,89,87,113,81
Q9WYJ5	53,37,60,56,34
Q5SHN1	50,136,31,32,86,49,100,52,87,51,89,129,48,101
P03496	5,38,31,2,34,35,49,42,46,45,30
B9A0T7	14,43,38,16,45,36,96,18,71,76,74,98,78,69,116,41,34,42,80
P52102	14,5,50,3,38,55,13,21,33,23,10,54,59,24,31,12,19,15,39,41,9,40,11,58,49,48,56,20
P86179	43,74,82,179,186,86,183,83,107,79,7,139,84,182,185,143,85,174,184
Q8NI22	140,85,133,92,131,87,129,135,83,81
P0A6T9	44,45
Q96CS7	14,15,44,11,13,16,18,20
Q4QRE8	138,119,95,143,92,130,108,127
Q7M4F9	136,82,137,115,129,135,113,79,116
P64488	83,32,30
Q9KTK0	281,90,88,227,193,86,191,57,260,87,188,190,195,93,256,228,59,89,255,252,261,257,56,277,226
P0A0N3	157,154,90,61,123,57,124,93,103,120,99,153,161,96,58
Q04D30	36,10,51,9,48,34
P43220	120,36,32,82,80,122,99,111,101
Q96HA8	43,200,199,189,132,51,42
P94690	65,43,50,82,119,28,32,86,83,110,109,45,104,33,124,36,120,60,99,115,96,40,105,48,101,117,53,118,123,55,44,106,57,87,51,63,78,113,81,107,79,116,67,64,54,41,39,95,31,103,94,102,52,46
Q5L811	43,50,45
Q8A8A4	14,47,164,74,19,15,161,111,46,45,23
Q82EE4	24,61,77,150,25,89,62,109
Q8NQA4	90,108
B3FQS5	141,73,86,127,104,84,124,120,99,126,117,76,88,125,77,131,121,91,107,72,128,103,95,85,111,94,133,129
Q53W28	91,88
Q9KAX6	123,70
Q74AE4	71,76,50,38,82,77,44,35,78,79,47,72,39,60,95,34,52,46,80,62
Q8A994	54,63,82,73
Q9X1Q6	141,140,172,171,142,113,145,160,143,111,161,144,168,112,175,170
Q70LE8	40,68,15,99
O29432	117,88,118,38,119,116,84,10,103,39,102,9,11,40
P72761	11,41,39
Q58AD3	49,58,74,46,39
Q3ZTX8	138,59,31,32,34,35,63,101,33
A6TE93	108,214
Q966X9	72,74,23
Q7DB61	71,75,88,38,35,63,54,64,24,31,12,102,40,52
Q9RSM4	71,82,55,105,42
Q9KKU4	65,124,64,50,37,61,41,125,96,51
Q9EV85	8,12,9,40,58,51
Q9EV84	2,38
Q6IMW5	50,37,28,32,73,22,35,110,23,84,93,124,97,24,15,126,105,18,62,56,101,117,75,76,74,90,125,55,98,78,21,91,81,79,116,72,64,54,103,31,95,19,102,100,52,58,112,80,25
Q13PU4	31,32
Q8N6N7	75,33,15,34,11,56,29,30
Q9NPJ3	90,136,50,82,55,73,92,51,83,113,91,81,110,69,139,93,137,95,15,111,115,66,112,52,108,80,70
A2RI36	93,8,15,92,96,89,100
Q1GLD7	16,18
Q5E0B9	106,108,103
Q9S508	157,144,160,109,70
Q5LR19	65,76,37,41,38,97,86,63,18,80
P19399	37,38
Q5LUH0	43,50,55,114,98,21,91,116,59,39,96,89,58,48,17
Q8WQK3	164,76,162,77,174,171,163
Q3M4Y5	57,59
Q9RIM2	111,167,168,108,142,107,122
P19753	93,54,97,60,95,102,52,58,63,91,56
Q2RRQ9	47,105,46,129
Q0VSW0	72,25,70
Q2G4A7	2,7
A2SL15	47,72,90,61,19,123,22,92,105,42
Q9A5I0	117,42,44
Q7BSV8	125,133,130,132,127,122
P68661	57,13,54,21,19,20
Q46864	6,37,3,22,78,107,110,23,104,84,93,97,95,85,111,94,102,40,96,100,108,101
Q1HEA2	116,34,115
D0VX23	107,39,136,35
Q9SPD4	181,149,125,179,114,121,127,180,122
P37001	43,136,38,114,130,165,109,45,47,97,138,120,99,161,126,152,108,146,48,147,157,181,76,118,155,106,131,51,151,142,145,116,139,160,39,95,100,156,42,46,80,158
Q65163	5,6,50,82,38,73,13,83,47,93,96,1,75,76,88,77,79,8,85,2,9,42,46,80
C3W947	65,5,43,61,38,28,3,44,63,29,67,64,41,60,4,40,49,66,27,62
Q74G82	37,50,61,82,28,35,83,33,47,36,24,40,66,62,56,70,71,75,88,74,55,44,57,51,78,63,81,29,72,67,26,39,85,58,89,46,80,30
Q2T8S1	117,76,38,119,92,16,67,64,102,40,42,46,20
Q8PBM3	26,41,39,34,35,46,80
P63272	19,36,16,33
P39639	164,50,119,222,209,179,155,202,131,204,135,148,91,107,33,223,162,197,167,216,52,168,218,152,159,122,56
A2I2W2	134,154,164,173,136,169,155,171,204,127,79,124,166,156,80,48,170
Q8DP99	107,124,53,60,73,102,94,89,80,110,101
Q8YQN0	49,47,51,120
A3D092	68,44,106,98,63,69,45,47,67,64,182,95,99,96,100,42,46,48,188,62
Q6N0K4	57,60,62,34
Q97YX4	100,71,68,118
Q6N5V5	63,59,60,56
Q0B0G9	65,68,50,123,44,92,63,69,145,47,64,143,49,96,66,144,46,48,62,30
Q97WQ4	49,66,52,63
Q9WZC3	72,71,68,54,53,50,61,60,55,49,52,70,62,69
Q5SHE1	14,47,75,74,111,126,49,130,129,107,48
Q8VZS8	193,88,119,194,114,86,171,135,142,121,110,116,137,197,115,144,189,89,108,147
O25363	14,257,258,130,171,204,15,11,105,108,252,170,106,191,131,107,190,128,10,8,26,231,111,203,102,25
P38636	14,65,18,15
P80312	14,61,13,98,10,93,59,60,12,95,15,99,94,102,11,100,58,62,101
B3QER1	76,82,78,116
Q8A7Y0	43,88,41,31,27,30
Q8IIS0	71,140,90,88,43,141,106,87,151,107,109,104,72,139,138,103,149,41,137,150,89,66,112,42
A6L7X2	71,86
Q1EMV2	68,71,76,50,118,43,119,77,123,131,78,121,127,79,69,33,23,72,47,36,45,128,26,41,120,39,67,54,99,111,40,42,70
Q0P891	52,41,38,56
Q97ZE3	53,50,38,28,32,35,51,33,29,36,26,24,31,34,40,49,52,27,48,30
Q8YAK7	106,78,25,170,147
Q7PGA3	72,84,128,67,64,125,73,63,121,79
Q65NU7	26,53,12,15,51,29
D5MNX7	6,82,28,32,114,35,86,110,109,7,84,36,93,24,40,96,66,27,20,90,88,117,118,92,87,63,21,113,81,91,39,19,85,4,100,112,80,17
P59665	65,93,67,88,77,94,87,89
Q8NRX7	11,12,13
D4AEP7	65,1,121,175,7
Q9Y3B4	93,97,61,99,22,92,96,91
P73048	76,137,107,111,116
B7J6R7	40,36,100
Q8NT71	68,76,69,70,151,150
Q2G8A3	64,53,59,61,60,55,99,57,101
Q7NY68	14,290,75,37,74,125,73,13,98,78,180,79,10,36,97,41,12,9,96
P0AFX7	187,189
O88188	134,82,55,131,87,98,148,142,127,83,145,128,84,97,138,103,149,85,153,133,126,100,144,129,159,122,62,70,101,147
B2FQ63	72,68,67,26,24,52,66,21,25,69
P04608	37,27,30,25,22,34,33
Q10589	76,73
Q5NHD0	72,71,65,8,64,59,39,74,60,73,2,4,13,58,66,63
A6T925	68,84,117,118,119,155,87,121,70
A0QRC4	47,68,8,43,54,74,12,55,15,44,9,66,52,18,81,56
P33788	31,36,35
Q7CPA2	14,84,90,88,12,85,99,13,87,89
Q9KJ88	5,6,73,86,83,104,84,105,146,170,101,90,75,76,169,88,77,92,87,98,78,63,79,103,149,95,102,4,167,100,168
Q2G1A5	31,125,28,123,99,32,122,30
P01887	77,83
P35926	96,134,130,112,99,153,133
Q44635	43,88,74,39,19,42,46,70,23
Q54X65	15,18
Q8SUP0	11,105,14,102
O41136	117,125,123,22,148,121,116,23,26,120,149,153,150,115,126,152,156,159,27,122
Q585M6	394,313,321,348,383,316,373,357,380,353,377,396,356,399,317,320,324,428,376,379
P15692	65,124,120,114,102,115,113,121,79,116
Q37964	26,37,38,28,22,32,40,23,29,30
Q7PXT9	68,76,77,114,148,151,138,137,111,96,144,80,62,147
Q81JI2	82,85,80,79
A4GRE3	65,37,50,3,114,2,25,96,21,107,109,33
Q8GWS0	134,90,136,123,92,87,148,135,91,149,133,150,89,147
C7MVX3	14,59,56,33
Q8K4Z3	114,187,256,138,59,185,66,62,184,188,117,77,186,191,183,63,78,113,81,235,190,236,67,182,239,111,189,112,212
Q1W640	88,119,123,22,87,98,127,81,91,72,84,128,67,124,26,120,85,102,66,129,70,101
F9UMW3	117,118,119,114,131,13,130,121,128,41,39,95,12,120,99,115,11,129,18
C4MBE2	72,68,76,74,106,115,108,110,79,70,104
Q8GPH6	57,43,108,15,38,42,109
O42978	49,58,60
Q9UUI1	43,59,20,32,69,33
C1D7P6	100,112,137,113,102
Q5SJ83	84,97
Q8XVB9	14,43,53,55,13,54,41,52,42,46,56
Q2W014	75,37,76,38,74,61,73,63,47,72,36,10,26,39,40,11,66,46,27,62,25,30
P23154	65,88,82,125,57,132,63,110,91,124,128,54,129
Q5QUJ8	27,28,25,24
P61829	64,53,59,19,60,55,57,66,52,63,62,56
Q84AQ4	227,206,57,135,45,316,47,228,231,224,232,317,320,46,48,257,56,254
Q84AQ1	5,3,7,9,4
Q8YY42	71,26,74,33,30
Q9H5X1	124,89,90,123
P79085	75,118,37,38,59,150,73,40,57,58,110
Q9CHR1	71,68,75,76,136,131,51,148,142,91,145,45,47,72,149,95,99,111,112,152,108
Q976J8	6,9,27,29
Q9JHF9	65,71,117,76,118,74,61,119,90,82,87,121,151,104,124,54,120,153,94,102,126,52,122
Q8G9L0	50,28,77,73,87,51,45,31,9,40,52,89,27
P40337	134,117,88,76,86,202,98,204,127,91,110,107,109,201,69,128,67,160,120,99,111,203,197,115,112,156,101
Q9K0A9	199,114,13,260,110,47,120,249,262,15,264,115,295,263,250,77,132,113,81,69,116,72,128,200,12,248,203,247,129,112,261
Q4UNB3	5,10,8,19,12,22,9,11,16,18,7
Q9KCC6	50,53,55,44,29,7,47,23,8,26,34,49,52,46,27,48,25,30
Q9VAK8	91,94
Q5NV90	43,37,41,39,38,86,40
O87496	54,53,88,120,119,85,86,52,87,51,129,121,107
Q86SG5	65,87,67,63,74,91,69
Q3YN09	65,134,37,61,28,155,86,131,130,63,78,148,127,151,29,72,67,64,26,31,85,66,58,27,62,25,70,147
Q07341	189,188,226
Q9HY80	5,6,37,41,38,39,35,4
Q2FVD0	229,226
Q5U925	14,134,114,187,130,127,165,104,126,11,115,101,154,164,242,125,219,214,131,151,81,240,145,241,116,29,10,103,12,224,239,133,9,102,215,144,216,218
Q8IJK2	14,10,117,36,41,38,12,2,9,11,13,34,40,42,33
P07386	210,190,193,258,259,162,192,191,144,260,212,229,257,211,145,213,146
Q8TBZ6	205,208,245,186,206,187,214,234,246,210,231,244,248,251,217,218,188,232
C4M5T2	55,32,53
Q89VT6	42,41
A9CHM9	36,35
D5SZ58	65,67,60,58,101
H9L4N9	64,51,42,60,62,55
D1BQI7	14,154,77,179,35,13,57,78,151,104,84,128,103,12,153,11,40,58,152,105,80
P26839	134,75,169,74,61,73,44,86,57,87,98,113,127,107,165,163,116,23,128,84,97,59,162,85,126,129,152,42,108,146,170,147
P12238	10,8,26,19,22,30,13,18,27,23
P12239	24,19,28,31,15,27,20,23
Q8DKM3	19,23
P12241	10,8,31,35
A0NLY7	65,37,77,209,73,35,196,63,83,79,84,228,41,231,230,153,212
P04355	26,24,19,15,7,13,29
A8MT69	80,76
A0AEF6	166,220,200,219,218,201,165
Q9ES57	58,151,113,165,153,167
Q9N384	67,64,60,85,73,83,80,62
D5IEZ9	14,28,32,73,13,171,16,204,23,138,185,15,108,18,27,184,170,1,3,186,183,29,41,39,19,12,111,203,167,34,49,17,158
O18426	154,90,112,113,114
Q57587	73,81,69
E6Z0R4	24,23
Q973T5	76,97,3,32,4,57,105,78,109,104
O88273	124,105,118,160,120,125,122
F2Z288	72,1,37,123,114,73
D8NA05	76,37,74,38,82,61,77,32,86,87,63,78,29,54,41,31,85,15,40,18,62,17
P47016	173,169,199,250,194,131,196,170,127,110,45,93,143,195
H2AM13	14,82,179,86,13,16,45,47,15,126,18,48,184,20,76,172,125,77,123,178,92,183,51,166,128,41,182,19,12,95,176,129
P15328	220,164,60,222,111,214,168,112,110,163
Q45075	40,24,39,21,17,56
E8WYN5	53,59,55,94,96
P03047	118,144,121,147
P50049	12,9
P0C794	65,117,118,119,131,130,128,64,120,66,129
D4GUF6	72,64,24,25,70
Q8GAV3	113,55,73,34,35,112,78,83,80,110,56,79,33
F6KMV5	26,38,35,42,27,25,33,23
D0E8I5	104,59,24,161,133,34,126,58,129,105,108,80,27,62,158
P60848	43,15,22,44,87,16,42,18,17,45
P19508	87,82,89,39
O27725	14,68,71,64,17
Q2ITY5	14,61,16,36,59,19,15,9,18,17,20
P80547	90,43,118,119,123,91,116,93,97,115,112,122,17,101
O25560	61,106,86,186,214,57,183,78,135,142,139,59,60,185,215,58,89,56
B9DL91	68,67,97,61,95,96,66,45
Q82Z21	118,97,102
Q32WH4	43,37,38,32,44,16,29,33,36,10,34,40,42,17,30
C6AAT5	115,113
Q8R9C0	65,1,67,2,113
Q6KC22	50,82,61,123,51,142,121,81,79,45,26,59,24,60,19,52,58,80,62
E0TY72	53,118,28,32,114,113,79,33,104,29,54,103,31,34,52,105,80,27,101,30
Q8GTM0	65,61,60,58,63,62,29
Q9BQ15	88,53,74,38,75,55,32,86,13,87,78,33,36,85,15,56
I6Y8F7	107,104,103,77,32,114,106,100,113,110,109,79,30
A7V213	120,178,234,48,240,241
G7J032	68,140,141,103,22,34,144,58,56,30
Q74MF3	10,97,41,35,100
Q8YVQ2	8,3,12,15,4,16,7,23
P0A3Y1	5,1,8,31,28,9,4,11,2,13,18,29
P58246	11,14,2
B7TYB2	47,39,31,85,96,83,122,45
Q59646	65,61,73,110,109,104,84,138,59,99,115,71,75,76,74,125,98,78,142,113,81,139,72,64,85,111,112
M1MR49	141,50,53,38,55,87,110,69,116,139,47,45,36,67,128,41,160,112,156,46,159,30
P62010	54,51
B9HM14	106,130,148,145,104,160,133,105,159,146,147
P12464	65,68,38,82,34,35,63,48,62
O29089	36,67,64,33
P65121	25,29
Q14493	140,181,137,182,185,192,178,179,198,191,144,180,188,195
Q71TT1	129,113
Q16637	130,132,127,109,102
P0A8J2	124,128,142,143,150,151,127,146,147
P0CB20	110,52,56,111
G2EA45	134,140,138,136,24,135,30
D0VWR8	136,38,258,119,82,171,204,135,165,33,192,143,108,146,175,181,164,172,276,106,265,234,107,81,79,271,182,203,243,94,168,195,30,199,269,35,202,187,196,83,110,267,104,138,120,273,115,27,188,147,140,117,169,194,198,191,186,272,132,113,142,163,116,139,145,190,29,26,103,31,176,111,34,247,102,112,80,25
P19052	14,6,43,37,38,32,44,13,7,29,45,33,10,36,54,26,41,34,4,40,42,48,30
P12240	13,16,23,8,19,12,15,9,11,20
P19054	24,31,28,21,27,17,23,20,30
P12312	5,8,21,25,9
D0VWR4	14,10,1,19,12,13,16,17
D0VWR5	24,19,28,20,23
A5WF35	10,90,73,89
A7J283	46,32,45,4
A2RI47	125,151,84,36,85,133,34,150,129,146,122
G0RH85	14,181,120,185,174,87,46,18,121
O86327	36,37,38,39,32,35
Q8EF49	5,134,141,136,114,73,130,110,84,138,161,115,146,1,164,118,74,172,77,106,98,132,113,142,81,145,116,139,103,149,85,94,2,4,102
X2G809	157,154,43,136,123,155,57,132,78,135,81,79,145,139,97,41,149,137,99,58,156,168,42,56,158
F0NW64	71,67,75,44,45
Q9P126	117,118,119,106,115,105,129,116
Q96FJ2	1,30
P10599	11,68,78,80,69
Q9NYG5	76,26,59,53,37,44,34,73,58,51,56,23
P29772	118,182,119,185,106,35,177,142,109,70,45,33
P06107	141,140,90,50,118,136,119,28,92,132,78,29,137,46,48,30
Q9ZND7	5,8,28,25
Q7AKQ8	84,124,128,118,125,123,113,114,126,115,121,110,122,116
A7UNK4	72,71,6,73,13,70,69
P39146	88,27,25,30
A4CYJ6	96,124,130,64,125,102,104
Q3E840	47,27,25,50
Q81BL7	141,5,6,43,136,50,134,119,86,109,7,45,47,23,93,138,24,137,60,143,15,115,40,11,105,108,48,56,101,147,68,140,90,53,118,3,74,125,55,106,87,51,63,78,142,91,67,8,54,64,19,12,85,111,102,9,49,144,52,112,42,46,122
G2RUZ1	47,43,31,15,49,16,48,17
Q7X0D9	68,43,50,118,28,32,22,29,47,26,19,18,46,25
P39301	362,136,194,55,358,86,87,135,139,316,59,410,315,314,195
B9W5G6	134,82,114,130,16,83,109,84,138,24,137,105,108,20,154,140,53,123,155,87,78,142,113,107,121,116,139,54,85,111,133,144,112,156,122
A6ZWK1	92,88,76,73
P9WLS2	25,44,46
P37613	65,73,114,110,23,66,108,101,68,75,76,74,77,78,107,79,72,67,26,103,111,102,25
Q5EK29	157,154,155,234,151,235,236,230,153,152,156,158
Q747J2	65,90,50,37,38,61,53,86,87,78,83,91,109,69,104,67,41,66,105,108,42
P35754	84,87,25,83
Q13162	124,164,125,123
N0DKS8	117,222,269,178,155,219,86,206,237,87,171,196,135,83,113,110,163,139,166,236,149,120,162,174,243,247,215,197,218,255,203,94,159,261,18,122,25,170,254
D5CN26	65,43,61,55,86,98,78,79,47,54,64,95,85,96,58,42,46,56
Q8RCC3	67,99,102,66,152,98,156,159,158
Q8EII5	72,78,70
O28417	37,61,38,34,40,148
B5THI3	71,136,24,137,60,116,85,58,69,101
Q3IDI7	65,68,134,141,106,92,109,72,54,138,59,137,95,99,96,105,101
P01138	141,140,173,222,131,132,142,180,190,235,139,128,138,137,224,153,133,197,152,207,175
Q9UHP7	109,104
Q39TV9	22,114,73,130,23,124,93,24,99,115,96,48,62,20,76,123,92,98,51,132,21,113,69,116,72,128,67,64,26,133,34,94,49,89,122,25,30
P04862	140,139
P60033	140,142,143,133
Q8WWA0	297,97,263,262,282,133,274,86,92,87,98,89,260,288
Q05776	65,127,110,104,97,96,66,152,108,62,157,125,123,155,106,78,148,107,26,103,31,95,153,34,9,100,144,58,112,156,25
O32108	154,117,118,155,113,127,151,109,93,162,99,111,153,102,100,112,152
P00172	68,75,37,50,76,28,44,51,63,79,69,45,72,54,59,48,40,66,42,46,62,30
B3GA02	92,93,78,108,80,107,79
B9UIZ4	65,117,53,61,38,125,86,35,98,63,113,109,33,47,67,59,60,95,102,115,49,89,52,62
Q09176	157,37,149,167,18,27,163,33
Q91IE3	166,168,164,165,163
P24005	155,150,144,148,146
Q95YI4	84,160,61,39,82,52,18,212
A7Z2A9	136,38,258,114,135,33,93,256,137,162,161,115,255,18,70,68,186,92,131,183,132,113,21,91,190,41,182,133,34,218
D6E269	141,82,135,109,23,137,105,20,71,106,57,63,107,81,69,72,128,52,30,134,50,22,73,114,83,127,104,124,138,24,60,115,56,140,90,88,53,117,131,132,51,78,21,142,91,29,139,116,64,26,39,31,85,102,112,80
Q6C4P5	11,16,109,106
Q9KKG7	89,112,111
P49458	50,3,32,45,47,26,41,2,52,46,48,30
P37108	37,38,57,63,33,36,64,24,39,31,59,2,66,27,25
Q38AM1	39,28,85,35,40,86,92,29,30
P03147	134,37,127,110,109,33,23,124,105,140,118,125,106,132,29,139,128,102,25,30
Q58830	47,14,64,16,63,18,48,62
Q12314	134,140,117,136,114,106,83,113,107,110,109,116,104,84,8,138,137,85,143,133,115,105
Q44501	50,45,47,41,102,40,49,100,42,46,48
P03126	37,143,73,40,113,110,70,146
Q1R1X2	38,46,39,163,162,44
P96856	157,154,68,71,76,75,61,38,125,179,73,92,131,132,135,81,69,139,47,124,93,59,182,185,60,96,89,189,58,80,70
Q8TQ93	14,76,12,77,15,46,33,30
M1QWM5	47,93,46,95,94,45
E1QU22	68,71,76,73,110,69,45,47,93,19,111,115,112,108,46,18,80,70
A9A2G4	164,121,161
E9JSA3	65,136,39,31,146,150,34,35,30,91,33,139
Q936H5	89,88
P44558	5,6,37,61,38,22,21,33,24,39,18,62,17,20
K1QRB6	141,140,43,125,123,55,22,114,130,113,127,91,116,23,128,124,54,59,111,126,52,112,48,56
P82242	73,45
O14960	57,53,138
P08190	68,67,50
P0A8Z5	68,88,119,114,86,57,87,51,121,110,69,116,23,67,59,24,60,19,102,66,58,89,25,56,20
Q87GI4	183,181,170
Q87GI3	71,50,118,123,83,151,121,81,69,124,39,150,48
Q5A0X8	37,82,119,86,83,127,124,36,120,115,40,75,77,123,44,87,121,79,116,41,39,34,42,80,122
Q8T6U0	14,141,43,209,22,16,127,23,124,97,59,120,60,15,99,126,96,18,56,101,140,164,208,53,125,55,44,206,57,21,121,142,128,54,103,95,19,102,100,58,42,207,122,17
Q2RVS1	65,76,50,61,77,32,22,73,35,86,57,63,72,36,64,26,31,34,96,80,48,62
Q5ZT91	88,64,103,61,60,99,44,94,86,92,100,89,78,80,81,48
O34738	134,88,77,131,63,135,91,104,23,67,64,97,95,126,49,100,129,42,46,108,27,101
Q16674	102,126,100,131,129,127,101
Q8KFZ1	140,136,32,106,35,57,135,139,36,138,39,40,56
Q7RTV0	72,75,26,61,85,11,49,58,46,23,33,30
L7P7R7	2,3
P61960	83,82
D5X329	68,90,43,37,44,106,35,92,51,63,91,69,45,47,36,67,93,15,94,102,34,49,100,105,46,48,101
A0R1C4	17,29,18
Q5Y812	24,38,31,39,41,34,35,42,108,17,104
C4LU64	51,119,55,116
T1YBT4	60,58
B3LQW9	242,43,37,172,238,44,183,63,180,36,41,39,60,176,59,244,243,40,49,52,184,56
A0B567	71,69
P02792	57,58,54,61
Q9LPZ1	141,166,181,173,169,172,176,178,174,127,175
A0L5S6	189,196
Q52424	37,82,28,32,114,83,33,93,115,117,90,88,123,178,148,78,121,81,91,79,116,29,149,176,94,89,80,122
P59087	36,31,34,35
Q9KMA6	84,10,64,82,85,49,87,80
Q9X7H4	43,26,37,39,38,40,51,42,46,27,48,20
Q79ZR9	54,53,74,61,20,73,105,107,62,70
C9K1X5	281,134,227,110,285,180,220,185,295,288,181,106,186,131,183,107,72,228,103,149,182,224,301,153,216,189,177,80,294
Q5ZYB7	84,52,55,87
Q8WTQ1	36,42,38
I1MYY4	43,73,130,16,127,124,99,40,18,184,188,20,101,226,75,74,125,77,222,131,81,72,128,41,39,19,223,100,129,80,17
P03712	,95
B3CET1	265,263,268,240,241
B4EDC1	71,120,162,105,113,107,70,116,104
P59082	65,71,88,43,118,114,155,73,57,51,148,116,104,47,84,45,54,97,64,133,102,96,58,152,46,48,56
Q0C8A2	134,37,38,22,73,130,138,59,60,15,40,108,27,48,62,56,101,76,53,74,125,123,57,78,121,107,67,64,39,19,31,85,89,122
G0Z026	164,173,176,179,167,127,165,170,163
Q47UY7	49,109,9
A0QY90	84,85,86,89,46,107,27,56,29
P77754	107,97,119,85,102,100,89,98,113,110,147
E2EKP5	53,55,32,16,21,97,103,19,34,89,42,108,46
Q9HVI1	5,76,37,77,35,86,13,79,7,10,36,8,41,39,85,9,4,40,11,42
Q2PMV7	14,16,18,12,23
O05515	14,43,37,38,106,130,132,10,36,8,41,39,11,40,42
F8TW83	75,250,258,305,234,78,266,264,248,315,233,317,275,232,254
P01583	173,227,172,125,123,178,179,222,219,202,237,234,151,127,180,201,195,128,220,236,225,244,223,176,262,264,174,243,251,177,152,233,252,175,170
N8X9V6	265,269,338
Q72QS5	92,84,36,90,103
Q9LSX0	14,5,1,6,3,44,131,16,17,21,7,33,8,41,39,19,31,2,4,18,25
E7E815	71,164,125,22,130,142,127,165,163,145,128,162,143,161,126,40,144,122,25,170,147
Q5F5Y8	107,88
Q929T5	154,50,191,187,51,127,81,190,47,54,41,185,85,99,192,58,42,46
Q9SN73	72,83,75,118,86,115,110,78,121,80,107
P0ACT8	90,164,74,125,73,87,91,163,69,97,160,94,66,105,129,70,101
C1GM11	96,98,97,50,48,94
Q9UHV8	65,72,75,53,55,63
Q30JB5	65,90,43,61,82,106,92,87,51,78,83,91,69,45,47,67,41,60,48,94,52,42,46,62,70
P29256	134,86,130,109,104,93,97,99,96,105,108,62,101,157,140,154,90,75,125,77,106,92,87,98,148,78,142,91,81,79,145,103,95,153,94,102,100,144,89,80,122,25
Q55330	14,22,32,35,13,16,17,21,29,10,26,24,31,19,12,15,11,18,27,25,20
P74564	68,71,75,76,74,82,32,22,86,87,63,78,83,79,23,72,84,67,64,26,31,34,11,40,58,42,18,80,27,70,30
I0BZV0	11,68,71,67,66,37,48
Q96GG9	181,117,164,114,106,86,87,98,113,83,180,165,116,166,97,111,102,115,167,168,177
Q8T893	71,154,75,118,82,77,73,142,113,107,109,163,138,111,152,156,158
J9U5U9	140,193,154,125,194,219,246,135,190,143,96,218,27,158,147
I3IL56	71,43,76,88,44,86,92,57,79,84,67,97,59,39,60,95,40,58,80,62
D2Z0P2	14,37,38,28,32,44,35,13,51,21,29,33,47,23,36,10,26,24,41,31,39,15,34,49,11,46,27,25,30
D2Z0P1	14,37,32,22,21,29,33,47,36,10,26,41,34,25,40,46,18,17,30
A8ALU5	65,134,5,6,43,50,136,14,28,13,135,124,138,24,120,60,185,143,162,25,115,108,184,68,140,90,75,76,88,123,44,183,21,142,107,81,69,163,72,128,166,64,103,85,112,159,17
P73954	65,90,88,32,63,33,104,36,64,59,39,31,41,103,102,34,11,40,89,17,101
P0AFW0	68,71,75,74,73,16,23,72,10,24,20,70
P0ABE5	14,5,134,90,141,169,50,37,32,155,13,87,98,63,148,151,91,45,166,64,97,59,24,137,94,167,102,49,34,52,105,112,108,46,66,27,17,170,101,30
P12962	44,39
Q2VE61	164,160,199,159,162,175,174
P76010	208,118,76,114,113,151,81,79,145,116,190,210,149,192,111,150,115,189,152,112,80,146,211,212,147
O15263	59,41,28,55,32,35,57,58,42,45,33
Q9NWV4	36,67,70,33
Q8TPV5	14,90,92,13,57,91,10,93,59,60,12,94,9,11,58,89,56
Q9L1E4	134,164,82,114,131,98,132,83,121,81,113,110,84,128,162,85,111,133,96,159,122
D6ES11	68,71,117,38,61,114,57,113,121,107,45,104,124,93,128,64,97,41,31,111,34,100,27
Q15369	65,64,102,106,66,105,109
P45696	31,32,33
D1CIZ5	11,5,47,14,51,41,82,79,30
I6QVT6	270,209,211
Q88LK7	75,76,77,32,80,122,33
Q9KXR9	84,93,88,54,82,85,94,92,89,91
O25064	47,37,55,52,87,51,46,83,80,48,30
C2SWC7	47,49,43,50,48
D3HJY4	71,84,50,49,46,48,56,69
P67809	65,71,88,118,74,119,87,83,69,72,67,64,120,85,70
O13610	128,66,134,132,97,103,142
Q3JFV4	134,136,188
O43583	36,53,37,44,34
P0CI74	47,49,52,54,50,45
Q9UGC6	143,109,148,106
B6HWK0	72,68,65,67,71,64,66,89,69
P83467	72,93,95,28,99,96,70,69
Q91EV7	98,99,97,103
L7IX95	71,64,75,88,97,59,73,94,86,92,66,87,89,78,69
Q8DQG2	26,59,39,60,12,28,40,49,58,63,30
P72321	26,18,24,21,17,22,20
Q88NV2	35,156,112,78,142,158,33
A0A2B6C3P9	117,125,111,114,122,79
A0A384LKY8	14,5,140,76,136,173,172,43,74,63,113,83,72,10,12,85,11