P0CX80	38,19,28,15,22,32,44,34,46,17,45
P50618	71,43,76,44,73,13,81,79,45,72,10,8,12,9,11,46,80,48,101
Q8U440	6,9,18,21
Q9R381	136,82,22,130,83,127,93,138,120,126,115,66,68,90,88,125,123,92,21,91,81,79,116,94,89,129,80,122,25
P14122	119,114,86,130,83,127,84,115,126,108,70,71,90,76,88,123,131,87,113,72,111,89,112,122
Q8ZPC0	134,141,38,35,110,109,138,143,99,105,108,147,140,106,98,107,39,111,133,34,100,144
O34911	154,119,28,44,35,130,16,87,121,180,45,33,47,120,15,153,133,25,49,152,46,48,17
O07517	52,55
Q9DHS8	47,65,67,43,44,66,51,48
Q81F54	36,38,37,142
Q5KY38	199,153,101
P84138	185,245,248,186
O32727	50,55,106,86,92,130,98,51,81,110,107,109,84,54,97,85,99,105,108,46
P0ABS1	117,138,114,135
Q27084	141,43,187,196,109,104,47,93,59,244,137,48,184,188,56,140,90,250,245,55,198,106,92,57,234,151,142,91,139,235,236,200,103,149,95,231,153,94,243,247,150,102,189,156,197,203,46
P54173	95,98,94,97
P25052	205,208,136,44,51,135,81,163,139,47,85,168,48
Q9HX49	76,50,38,82,28,77,123,73,35,92,47,84,39,126,58,89,42
Q9Y547	130,37,29,32,34
P20047	117,103,114,101
P75430	154,117,76,118,50,3,119,125,123,55,78,121,7,116,124,128,120,153,115,49,52,105,122
Q9JKE2	134,33
Q46582	5,1,24,61,60,2,25,23
P84068	47,1,75,76,125,99,32,34,105,46,48,79,45,139
P24093	134,64,136,54,61,55,57,132,63,135,62,109
P07013	64,12,15,49,13,16,63,27,17,30
P00383	68,36,67,32,66,69
P46797	14,10,26,53,12,15,32,11,13,52,16,51,56
Q9LUJ3	157,50,86,57,87,51,47,54,59,85,161,58,156,152,159,146,158
Q00458	68,50,53,69,45,47,67,64,97,54,96,66,48
Q9X1V7	110,112,103,126
Q800Y1	67,76,63,70
P0C2P0	6,88,76,82,28,55,73,86,87,130,91,29,45,47,128,7,10,54,26,103,85,126,115,4,129,105,25,56
O70200	96,100,90,105,97,94
P63165	76,78,41
Q8DLM0	37,103,102,106,105,101,104
P67825	131,130,129,132
P26602	141,154,117,125,77,32,114,155,35,127,91,81,79,145,33,36,93,34,115,156
Q99828	124,118,169,120,172,161,167,191,100,98,127,122,165,163,116
P0A6D0	124,128,103,125,106,126,102,130,129,113,127,110,109
Q9FA38	71,76,53,50,88,119,75,77,74,22,73,55,72,166,84,47,24,52,58,80,48
Q9KQN0	90,117,173,160,120,162,55,126,105,51,107
P26449	199,257,185,291,258,198,313,247,315,184
O29630	52,75,50,76,77,139
Q9QZ88	10,117,8,39,123,86,115,180,62
Q9RHG4	14,71,75,37,74,38,43,44,73,106,13,16,98,79,47,72,36,97,103,39,95,12,15,99,102,40,96
Q9KU27	49,70
A5GZW8	84,157,76,95,99,153,73,102,106,126,110,87,83,80,107,122
Q71AW2	256,225,244,28,32,219,234,232,29,33
P03042	43,37,50,38,44,47,36,26,41,39,42,27,25
P69348	5,1,6,54,69,76,3,39,31,77,35,4,78,56,70
P84887	157,141,169,172,114,121,109,128,84,160,85,156,159,158
Q83WS1	84,68,67,97,82
Q9PJ29	164,173,172,206,171,204,163,166,210,162,167,11,168,207,170
P39990	73
P81303	12,24,9,21
P17728	57,68,58,54
P39779	65,71,75,50,61,98,51,69,72,97,99,96,100,62,25
Q58584	68,43,76,118,44,73,145,104,72,67,97,41,12,99,96,40,66,42,146,122,101
P06465	88,85,55,52
Q57468	50,41,37,31,28,52,51,29,30
P03612	90,88,53,50,44,86,92,47,64,60,52,58,46,48,56,62,30
P03606	65,140,62,195,139
P12376	72,67,75,64,59,55,115,58,113,25,56,70
B0R5M0	14,36,51,37,3,35
Q2F1K8	83,103,46,81,44,45,104
P00152	117,118,82,86,13,16,121,69,23,47,19,12,85,20,126,58,89,122,17,70
O76096	65,64,63,62,145
Q8TL28	294,181,263,238,259,194,186,187,196,293,240,267,195,220,292,256,228,225,185,224,249,262,243,189,295,229,188,232,254
Q92730	38,28,22,45,23,24,126,40,27,170,70,71,169,69,128,26,41,39,168,129,42,25
Q5YD59	43,61,119,36,59,60,105,70,76,74,57,87,98,121,107,72,54,41,39,85,133,89
Q8ZJW4	68,71,76,82,77,22,114,78,113,110,81,79,69,23,104,103,111,102,115,66,108,70
Q9YEQ6	125,89,90
Q748S4	90,88,76,38,77,73,86,87,63,91,33,72,36,59,39,31,85,34,42,62,70,30
P02883	65,193,43,227,119,32,73,171,135,180,109,33,104,23,47,93,36,97,24,115,105,62,188,101,147,226,157,71,118,172,194,198,155,191,92,214,51,63,78,142,107,79,190,128,64,103,41,182,224,31,111,197,102,94,217,100,52,216,215,42,46,80,30
O59172	65,71,75,43,53,76,77,44,98,51,97,41,15,96,52,42
P61969	47,140,90,76,26,53,50,137,118,44,73,115,87,112,109,23
Q5SK07	54,50
Q8IU26	134,88,53,55,106,92,16,51,107,109,84,93,97,59,94,96,52,105,108,18,56
Q5SLL2	25,26
Q01105	227,74,222,77,78,63,127,81,59,223,66,62,226
P07678	93,88,125,113,114,92,87,89,83,121
Q46982	64,61,238,239,106,108,63,139
P27838	58,3
Q99584	68,75,37,24,64,28,32,66,27,70,29
Q5SK02	72,74,59,86
O59021	114,115
Q5SLR6	77,76,79
Q96YM2	84,5,97,95,44,2
P00099	37,38,82,86,83,33,45,47,84,96,66,56,70,75,76,74,77,78,81,79,69,34,49,46
P08877	32,43,45
Q7VWF8	76,33,35
Q7A1N5	11,8,7
P52754	65,59,62
Q9WZF7	18,21
Q3ZDQ9	6,59,9,63
O87963	14,61,119,114,187,110,24,120,115,184,188,157,117,118,125,123,106,186,57,183,113,121,116,190,182,111,17,158
Q9HQM9	40,38
Q97WD2	68,88,118,61,28,22,86,113,109,69,23,67,59,120,24,85,111,66,89,58,25
Q91LD0	31,46
Q8LGG8	53,131,13,130,51,132,145,116,26,12,146,133,11,52,112,27,147
P63228	53,136,22,92,13,21,107,110,109,54,137,19,12,111,94,11,80,56
P84801	68,90,43,28,44,121,110,109,67,26,120,12,11,66,112,89,108,27,70,30
Q9HJ63	61,198,174,153,102,16,177,18,195,20
P76364	88,103,82,19,102,86,51,21,20
Q7MVF6	29,32,34
Q8BTR5	47,96,101,46,45
P0A333	78,82,80,81,77
P04168	36,67,64,53,31,12,34,66,63,48
P01175	75,53,82,55,78,83,81,79,84,54,41,85,52
Q9KFA8	54,43,41,38,59,60,61,55,144,42
O29901	43,75,76,38,119,118,77,106,113,109,7,104,4,105,112
Q8DSE5	65,43,50,37,38,73,45,7,47,23,59,24,120,99,66,27,71,75,53,44,98,21,121,79,69,29,72,54,26,102,4,49,42,46
B2J933	43,88,169,172,86,57,63,79,64,41,40,58,42,62,25
Q5KVJ9	58,88,60
A9CKP1	22,26
Q81HL8	14,134,43,172,77,16,132,135,45,41,15,111,133,174,108,18,42
Q6XQ58	90,88,50,37,3,123,22,51,47,103,39,20,94,9,4,52,42,70
P67700	34,37,33
Q0PB48	71,117,75,50,53,82,32,114,35,86,78,113,83,72,36,54,64,49,66,46
Q97G05	47,72,43,64,28,49,13,42,27,48,70,29,30
Q72EF4	65,141,43,37,136,61,119,127,109,104,124,93,137,60,120,143,115,40,126,66,105,108,48,56,70,68,140,90,53,123,92,98,148,145,69,116,139,67,64,103,149,133,102,150,49,144,89,52,112,129,46,42,122
O43809	209,104,59,60,192,99,101,157,205,208,172,55,155,206,63,190,103,150,102,100,58,207
A1JSS7	47,50,143,144,42,45
Q88NV2	35,156,112,78,142,158,33
A0A2B6C3P9	117,125,111,114,122,79
A0A384LKY8	14,5,140,76,136,173,172,43,74,63,113,83,72,10,12,85,11